ASV	L_mellifer	L_mellis	L_apis	L_helsingborgensis	L_kullabergensis	L_melliventris	Bifidobacterium	Snodgrassella	Gilliamella	Frischella	Bartonella	Apibacter	Bombella	L_kunkeei	Other_lact	Commensalibacter; D_6__Apis mellifera (honey bee)	Enterobacteriaceae	Pseudomonas	Total_reads	Bee	Description	Day
WRE-C-D0-1	50	163	627	385	726	499	548	287	1955	0	14	0	0	319	0	8	43	2	5626	1	Control	0
WRE-C-D0-2	22	156	382	199	890	154	567	1464	1423	1026	176	0	0	234	18	6	0	0	6717	2	Control	0
WRE-C-D0-3	42	686	108	309	589	1290	841	686	1945	209	9	0	0	276	3	47	134	0	7174	3	Control	0
WRE-C-D0-4	30	0	1460	263	471	930	589	1096	1471	829	528	0	0	989	8	249	0	0	8913	4	Control	0
WRE-C-D0-5	63	167	557	225	1505	1341	404	361	2721	17	1259	0	0	627	6	0	10	0	9263	5	Control	0
WRE-C-D0-6	51	144	105	442	579	1321	976	71	3140	137	673	0	0	1084	4	121	9	0	8857	6	Control	0
WRE-C-D0-7	55	1135	325	789	1504	1377	1822	144	2511	0	655	0	0	218	0	32	28	207	10802	7	Control	0
WRE-C-D0-8	27	652	309	538	665	544	675	53	3595	8	51	0	0	482	4	24	32	0	7659	8	Control	0
WRE-C-D0-9	35	43	398	698	537	709	531	200	3389	20	143	0	0	1138	0	46	15	0	7902	9	Control	0
WRE-C-D0-10	114	0	279	90	527	1751	992	293	2097	0	845	0	0	669	10	4	66	0	7737	10	Control	0
WRE-C-D0-11	36	945	391	400	987	1247	1062	879	2536	532	21	0	0	104	7	6	23	16	9192	11	Control	0
WRE-C-D0-12	80	250	2291	45	1482	1468	667	191	1273	1764	1018	0	0	264	7	0	8	0	10808	12	Control	0
WRE-C-D0-13	166	273	2027	453	702	1953	1016	321	2674	266	2157	0	0	416	32	47	7	0	12510	13	Control	0
WRE-C-D0-14	37	174	342	259	246	901	769	1284	1325	522	591	0	0	319	0	7	83	12	6871	14	Control	0
WRE-C-D0-15	60	64	454	313	332	574	912	571	432	1531	1921	0	0	478	0	0	48	0	7690	15	Control	0
WRE-R-D0-1	82	276	605	168	966	1438	1188	1050	2027	1171	870	0	0	878	19	37	81	301	11157	16	Roundup	0
WRE-R-D0-2	48	717	146	103	344	1590	468	96	1801	21	2067	0	0	35	0	11	60	0	7507	17	Roundup	0
WRE-R-D0-3	4	0	2683	10	1072	23	751	896	2689	7	1060	0	0	19	35	309	0	0	9558	18	Roundup	0
WRE-R-D0-4	54	469	449	246	520	1138	966	310	1837	453	426	0	0	360	5	19	138	0	7390	19	Roundup	0
WRE-R-D0-5	83	810	831	630	700	2723	1297	54	1123	596	32	0	0	308	0	16	441	0	9644	20	Roundup	0
WRE-R-D0-6	46	350	180	302	1094	690	557	96	1436	0	622	0	0	59	0	166	16	0	5614	21	Roundup	0
WRE-R-D0-7	61	1021	444	588	408	1153	1206	706	2193	17	45	0	0	92	0	62	24	0	8020	22	Roundup	0
WRE-R-D0-8	36	333	1127	663	2212	269	364	1087	1737	1359	670	0	0	716	27	0	0	0	10600	23	Roundup	0
WRE-R-D0-9	46	155	507	18	1024	393	213	26	1832	8	226	0	0	189	0	18	27	411	5093	24	Roundup	0
WRE-R-D0-10	39	344	100	425	438	885	790	2185	2202	0	63	0	0	285	0	0	0	31	7787	25	Roundup	0
WRE-R-D0-11	57	582	237	64	615	618	538	19	1157	258	54	0	0	100	2	53	0	0	4354	26	Roundup	0
WRE-R-D0-12	95	0	291	544	1141	695	877	237	1577	103	114	0	0	906	0	79	13	2	6674	27	Roundup	0
WRE-R-D0-13	82	143	476	169	252	2176	755	724	1824	501	1261	0	0	227	26	8	535	0	9159	28	Roundup	0
WRE-R-D0-14	25	276	533	302	360	979	707	48	1073	1674	1418	0	0	199	0	12	234	0	7840	29	Roundup	0
WRE-R-D0-15	63	711	91	570	990	543	1432	29	2704	6	173	0	0	255	0	15	127	9	7718	30	Roundup	0
WRE-C-D3-1	22	363	504	174	371	1017	492	638	2357	395	180	0	0	68	0	0	0	34	6615	31	Control	3
WRE-C-D3-2	54	72	260	453	300	1176	366	1164	1452	13	1821	0	0	757	4	18	6	0	7916	32	Control	3
WRE-C-D3-3	43	222	299	224	795	573	287	774	2493	9	37	22	0	327	0	0	0	0	6105	33	Control	3
WRE-C-D3-4	56	870	692	43	646	1184	823	1256	2352	433	35	0	0	120	0	6	146	20	8682	34	Control	3
WRE-C-D3-5	50	311	988	176	468	1348	776	63	3098	9	333	0	183	1515	0	0	6	0	9324	35	Control	3
WRE-C-D3-6	61	488	469	331	570	1017	404	688	2982	0	47	0	0	605	6	12	0	0	7680	36	Control	3
WRE-C-D3-7	81	121	636	152	372	1273	720	481	2920	0	2572	0	0	78	3	37	118	0	9564	37	Control	3
WRE-C-D3-8	113	1097	208	1242	796	2173	507	922	2598	12	48	0	0	597	112	49	4	0	10478	38	Control	3
WRE-C-D3-9	7	823	582	183	1218	595	204	1748	1434	1056	11	0	0	180	31	99	0	0	8171	39	Control	3
WRE-C-D3-10	90	203	626	567	838	419	920	113	2794	208	160	0	0	925	10	27	18	0	7918	40	Control	3
WRE-C-D3-11	63	360	149	443	488	984	482	2343	1044	824	10	0	0	234	0	45	0	0	7469	41	Control	3
WRE-C-D3-12	66	0	293	1140	798	1367	1073	3040	2906	440	716	0	0	1459	0	42	0	3	13343	42	Control	3
WRE-C-D3-13	83	316	1625	51	1553	1214	1136	175	2045	2845	858	0	0	417	0	131	0	0	12449	43	Control	3
WRE-C-D3-14	24	84	1076	112	609	677	182	971	2748	0	10	0	0	759	0	10	0	0	7262	44	Control	3
WRE-C-D3-15	24	349	378	267	504	1037	618	334	1015	813	1444	0	6	596	0	75	7	0	7467	45	Control	3
WRE-R-D3-1	17	193	238	582	359	618	588	84	719	505	483	0	0	118	0	27	12	0	4543	46	Roundup	3
WRE-R-D3-2	131	0	155	410	1380	668	1377	59	1744	8	763	0	0	739	5	320	0	0	7759	47	Roundup	3
WRE-R-D3-3	69	123	752	191	522	595	333	56	1435	835	74	0	0	506	0	12	0	0	5503	48	Roundup	3
WRE-R-D3-4	38	0	1031	526	462	652	939	18	1554	751	1325	0	25	304	9	18	0	0	7652	49	Roundup	3
WRE-R-D3-5	39	48	793	102	354	415	371	87	2656	465	122	4	0	547	12	9	0	0	6024	50	Roundup	3
WRE-R-D3-6	0	152	2300	122	1299	2413	291	9	4112	0	182	0	0	7	10	1424	61	7	12389	51	Roundup	3
WRE-R-D3-7	88	118	514	312	1432	673	1020	901	2000	0	26	0	0	470	160	52	0	0	7766	52	Roundup	3
WRE-R-D3-8	131	277	1728	215	1174	599	1375	126	4019	0	883	0	0	340	16	411	0	0	11294	53	Roundup	3
WRE-R-D3-9	55	446	212	1588	706	1194	920	71	1692	145	35	0	24	111	0	288	11	0	7498	54	Roundup	3
WRE-R-D3-10	63	86	902	1474	461	1308	1002	88	2180	385	10	0	0	822	0	4	0	2	8787	55	Roundup	3
WRE-R-D3-11	75	467	1237	87	1383	1099	786	519	1607	1588	11	0	0	1330	57	4	0	948	11198	56	Roundup	3
WRE-R-D3-12	40	741	1060	88	1133	647	442	623	1906	11	495	0	7	332	5	49	0	5	7584	57	Roundup	3
WRE-R-D3-13	25	447	391	310	693	708	63	20	2676	10	10	0	0	182	0	0	0	0	5535	58	Roundup	3
WRE-R-D3-14	39	0	886	143	1183	461	386	203	1855	159	103	6	0	943	5	7	0	0	6379	59	Roundup	3
WRE-R-D3-15	0	26	773	148	1148	224	149	219	2814	6	116	5	0	303	8	4	0	647	6590	60	Roundup	3
WRE-C-D5-1	24	126	1515	127	381	391	406	1445	3630	0	41	0	0	138	0	40	3	114	8381	61	Control	5
WRE-C-D5-2	32	235	840	163	475	1389	583	1252	683	1213	67	0	0	261	0	19	15	0	7227	62	Control	5
WRE-C-D5-3	14	0	893	23	885	422	69	409	2888	6	12	0	0	379	0	0	0	0	6000	63	Control	5
WRE-C-D5-4	34	0	1229	254	844	317	376	1540	2698	69	21	0	0	177	154	31	0	0	7744	64	Control	5
WRE-C-D5-5	33	409	491	216	524	655	269	691	2896	0	8	13	0	98	0	2	0	0	6305	65	Control	5
WRE-C-D5-6	34	586	1023	160	661	1344	592	929	3843	0	8	0	0	108	0	42	0	0	9330	66	Control	5
WRE-C-D5-7	33	319	775	462	614	1540	430	1376	2289	9	226	0	0	478	0	8	6	2	8567	67	Control	5
WRE-C-D5-8	19	138	1314	426	546	519	260	1146	4034	0	139	0	0	153	0	33	0	0	8727	68	Control	5
WRE-C-D5-9	93	234	815	406	664	994	603	769	2551	0	952	0	0	488	0	58	0	0	8627	69	Control	5
WRE-C-D5-10	38	319	846	429	400	578	537	525	1198	0	2333	0	0	85	0	21	0	0	7309	70	Control	5
WRE-C-D5-11	75	170	1188	116	1141	450	708	1191	3926	0	14	0	0	373	0	0	0	0	9352	71	Control	5
WRE-C-D5-12	22	32	1105	378	371	1639	586	1530	4463	7	486	10	0	251	0	153	0	0	11033	72	Control	5
WRE-C-D5-13	0	0	1374	412	455	531	103	944	1089	1190	16	0	0	37	0	21	0	0	6172	73	Control	5
WRE-C-D5-14	30	345	1125	733	1459	1543	587	2450	4876	8	182	94	0	382	2	0	0	0	13816	74	Control	5
WRE-C-D5-15	20	488	1072	170	968	584	220	785	1769	580	16	0	0	221	0	0	0	7	6900	75	Control	5
WRE-R-D5-1	29	397	1048	393	423	998	149	626	1206	1655	98	0	0	73	0	3	0	0	7098	76	Roundup	5
WRE-R-D5-2	29	115	728	1172	1478	1658	245	252	2229	1863	52	0	0	721	0	23	0	0	10565	77	Roundup	5
WRE-R-D5-3	43	1055	1098	91	1179	491	288	1841	3005	7	0	0	0	87	0	0	0	0	9185	78	Roundup	5
WRE-R-D5-4	24	187	765	134	939	753	295	71	1919	27	269	0	0	290	9	0	0	1279	6961	79	Roundup	5
WRE-R-D5-5	28	503	157	617	1502	1103	253	67	736	875	114	0	0	484	0	0	0	0	6439	80	Roundup	5
WRE-R-D5-6	21	0	2998	103	172	1277	897	40	3943	842	756	0	0	93	15	5	0	0	11162	81	Roundup	5
WRE-R-D5-7	9	36	2530	168	439	1367	283	9	3464	6	19	0	0	34	0	170	0	0	8534	82	Roundup	5
WRE-R-D5-8	11	52	916	73	837	2283	322	5	3809	0	55	0	0	150	5	7	0	0	8525	83	Roundup	5
WRE-R-D5-9	27	278	1016	69	436	907	167	271	2419	30	196	74	0	293	0	0	0	544	6727	84	Roundup	5
WRE-R-D5-10	41	0	552	496	664	1940	985	141	3174	1195	944	0	0	1067	4	14	12	637	11866	85	Roundup	5
WRE-R-D5-11	14	159	1045	124	731	880	132	39	2422	647	13	0	0	207	9	12	0	0	6434	86	Roundup	5
WRE-R-D5-12	28	263	1945	512	817	606	637	223	4124	273	225	0	0	3	5	75	0	702	10438	87	Roundup	5
WRE-R-D5-13	28	118	1664	243	556	743	481	421	2589	239	161	0	0	448	0	10	0	0	7701	88	Roundup	5
WRE-R-D5-14	11	195	2327	632	2143	197	280	117	5653	0	1067	0	0	208	0	63	0	0	12893	89	Roundup	5
WRE-R-D5-15	12	432	1266	164	1591	782	62	72	3916	0	8	0	0	276	0	0	0	269	8850	90	Roundup	5