ASV	L_mellis	L_mellifer	L_apis	L_kullabergensis	L_melliventris	L_helsingborgensis	Bifidobacterium	Snodgrassella	Gilliamella	Frischella	Bartonella	Commensalibacter	Fructobacillus	L_kunkeei	Bombella	Enterobacteriaceae	Total_reads	Bee	Description	Hive	Week
2-W0-C-S-1	66	12	234	144	158	158	221	170	179	33	13	0	0	76	0	12	1476	1	Control	1	0
2-W0-C-S-2	104	29	266	313	312	219	308	201	296	0	30	0	0	82	0	30	2190	2	Control	2	0
2-W0-C-S-3	5	0	234	45	28	53	0	896	276	225	35	135	0	0	0	256	2188	3	Control	3	0
2-W0-C-S-4	205	15	504	149	292	243	436	442	645	143	86	11	11	10	0	12	3204	4	Control	4	0
2-W0-C-S-5	0	13	241	142	111	43	238	424	1011	107	287	0	0	127	0	14	2758	5	Control	5	0
2-W0-C-S-6	89	0	566	138	275	255	355	178	555	107	23	0	22	139	0	80	2782	6	Control	6	0
2-W0-R0-001-S-1	193	9	214	211	482	48	208	126	625	97	68	2	0	180	0	6	2469	7	0.001R-Syrup	7	0
2-W0-R0-001-S-2	96	0	312	166	170	0	227	271	488	75	54	15	10	83	0	20	1987	8	0.001R-Syrup	8	0
2-W0-R0-001-S-3	78	0	184	69	94	70	124	271	501	110	55	0	0	0	0	28	1584	9	0.001R-Syrup	9	0
2-W0-R0-001-S-4	99	4	161	148	248	189	181	169	313	20	67	0	0	6	0	22	1627	10	0.001R-Syrup	10	0
2-W0-R0-001-W-1	94	10	203	82	125	37	176	249	572	76	368	5	10	0	0	36	2043	11	0.001R-Water	11	0
2-W0-R0-001-W-2	0	10	814	517	273	201	37	207	98	0	6	69	0	64	0	0	2296	12	0.001R-Water	12	0
2-W0-R0-001-W-3	52	14	439	222	295	177	436	417	517	248	12	0	27	155	0	68	3079	13	0.001R-Water	13	0
2-W0-R0-001-W-4	0	21	317	349	542	152	365	639	226	100	25	0	4	164	0	0	2904	14	0.001R-Water	14	0
2-W0-R0-1-S-1	0	0	276	83	57	0	115	799	832	157	37	6	0	46	0	97	2505	15	0.1R-Syrup	15	0
2-W0-R0-1-S-2	158	16	305	243	385	64	225	231	531	58	89	0	0	0	0	37	2342	16	0.1R-Syrup	16	0
2-W0-R0-1-S-3	237	21	374	143	366	92	308	215	690	185	134	0	89	0	0	30	2884	17	0.1R-Syrup	17	0
2-W0-R0-1-S-4	116	0	208	208	191	53	89	658	435	147	20	0	0	0	0	0	2125	18	0.1R-Syrup	18	0
2-W0-R0-1-W-1	108	22	425	133	208	116	293	227	416	226	21	0	22	127	0	0	2344	19	0.1R-Water	19	0
2-W0-R0-1-W-2	210	39	631	569	439	176	512	295	379	116	14	0	35	185	0	6	3606	20	0.1R-Water	20	0
2-W0-R0-1-W-3	44	5	189	86	93	0	306	333	658	191	216	0	19	0	0	84	2224	21	0.1R-Water	21	0
2-W0-R0-1-W-4	79	22	175	219	348	151	416	276	411	115	145	0	44	90	0	146	2637	22	0.1R-Water	22	0
2-W0-R0-1-W-5	80	7	308	199	589	260	456	302	558	99	66	0	15	241	0	69	3249	23	0.1R-Water	23	0
2-W1-C-S-1	0	18	361	157	287	94	192	190	576	15	80	0	0	155	0	10	2135	24	Control	1	1
2-W1-C-S-3	0	0	400	91	134	0	4	1014	328	27	17	320	0	15	0	37	2387	26	Control	3	1
2-W1-C-S-4	65	14	186	138	163	0	188	332	709	53	276	14	0	0	0	17	2155	27	Control	4	1
2-W1-C-S-5	115	23	198	144	250	0	367	129	530	66	228	0	8	56	0	0	2114	28	Control	5	1
2-W1-C-S-6	54	0	325	139	195	183	63	412	685	86	183	15	0	0	0	0	2340	29	Control	6	1
2-W1-R0-001-S-1	146	10	278	246	398	28	300	179	571	66	42	0	0	227	0	10	2501	30	0.001R-Syrup	7	1
2-W1-R0-001-S-2	165	13	225	310	495	139	477	334	396	96	76	0	0	141	0	21	2888	31	0.001R-Syrup	8	1
2-W1-R0-001-S-3	84	0	183	109	115	0	84	518	764	127	404	0	0	0	0	11	2399	32	0.001R-Syrup	9	1
2-W1-R0-001-W-1	0	16	223	208	379	171	287	150	304	26	476	0	0	190	0	73	2503	34	0.001R-Water	11	1
2-W1-R0-001-W-2	94	14	175	555	720	171	272	194	493	57	95	191	0	85	0	0	3116	35	0.001R-Water	12	1
2-W1-R0-001-W-3	113	33	379	160	407	196	294	320	495	71	160	30	19	133	0	36	2846	36	0.001R-Water	13	1
2-W1-R0-001-W-4	0	15	337	205	507	123	316	386	249	185	146	0	0	124	0	0	2593	37	0.001R-Water	14	1
2-W1-R0-1-S-1	88	15	461	245	394	145	298	64	295	91	30	0	8	145	0	236	2515	38	0.1R-Syrup	15	1
2-W1-R0-1-S-2	146	25	196	249	672	153	342	27	457	49	139	0	0	119	0	91	2665	39	0.1R-Syrup	16	1
2-W1-R0-1-S-3	153	17	252	161	431	103	390	34	533	129	162	0	0	124	0	57	2546	40	0.1R-Syrup	17	1
2-W1-R0-1-S-4	0	7	114	194	452	113	214	21	149	35	60	0	0	129	0	13	1501	41	0.1R-Syrup	18	1
2-W1-R0-1-W-1	0	36	489	278	286	111	342	173	364	285	85	6	14	250	0	30	2749	42	0.1R-Water	19	1
2-W1-R0-1-W-2	113	39	548	355	627	168	559	93	483	227	120	0	5	191	0	42	3570	43	0.1R-Water	20	1
2-W1-R0-1-W-3	213	22	243	168	213	68	344	91	638	173	229	0	0	0	0	40	2442	44	0.1R-Water	21	1
2-W1-R0-1-W-4	115	50	228	343	623	329	406	41	270	183	161	0	10	124	0	34	2917	45	0.1R-Water	22	1
2-W1-R0-1-W-5	158	0	652	338	444	221	296	99	298	177	14	7	0	211	0	94	3009	46	0.1R-Water	23	1
2-W3-C-S-1	0	21	452	146	290	79	172	454	954	117	172	17	0	141	0	8	3023	47	Control	1	3
2-W3-C-S-2	24	0	216	137	221	78	126	663	636	34	218	0	0	53	0	0	2406	48	Control	2	3
2-W3-C-S-3	23	0	157	111	160	0	9	727	307	27	30	85	0	0	0	0	1636	49	Control	3	3
2-W3-C-S-4	87	0	239	69	138	102	165	357	563	32	313	45	0	0	0	0	2110	50	Control	4	3
2-W3-C-S-5	101	21	251	61	250	48	200	132	358	0	193	0	0	78	0	0	1693	51	Control	5	3
2-W3-C-S-6	103	22	384	304	403	109	297	311	466	62	77	7	0	103	0	34	2682	52	Control	6	3
2-W3-R0-001-S-1	84	23	200	250	345	218	222	269	372	100	126	0	0	80	0	11	2300	53	0.001R-Syrup	7	3
2-W3-R0-001-S-2	196	41	419	68	306	95	372	343	496	89	75	0	0	166	0	0	2666	54	0.001R-Syrup	8	3
2-W3-R0-001-S-3	82	25	426	0	440	90	448	410	451	66	282	0	0	122	0	0	2842	55	0.001R-Syrup	9	3
2-W3-R0-001-S-4	104	37	380	100	370	139	238	87	698	64	313	0	0	136	0	27	2693	56	0.001R-Syrup	10	3
2-W3-R0-001-W-1	0	6	92	47	46	0	92	125	261	34	378	0	0	29	0	0	1110	57	0.001R-Water	11	3
2-W3-R0-001-W-2	0	22	181	171	701	77	276	119	281	56	168	22	0	137	0	39	2250	58	0.001R-Water	12	3
2-W3-R0-001-W-3	0	8	283	85	197	106	185	374	394	219	320	24	0	95	0	31	2321	59	0.001R-Water	13	3
2-W3-R0-001-W-4	76	15	393	157	185	48	215	207	595	49	125	0	0	101	0	0	2166	60	0.001R-Water	14	3
2-W3-R0-1-S-1	98	18	261	290	258	0	201	9	436	56	92	0	2	140	0	15	1876	61	0.1R-Syrup	15	3
2-W3-R0-1-S-2	228	18	414	101	302	260	278	15	540	279	211	19	0	0	0	60	2725	62	0.1R-Syrup	16	3
2-W3-R0-1-S-3	198	19	354	86	347	47	402	106	615	77	224	0	35	92	0	0	2602	63	0.1R-Syrup	17	3
2-W3-R0-1-S-4	0	14	376	166	173	104	329	140	603	308	238	12	0	76	0	52	2591	64	0.1R-Syrup	18	3
2-W3-R0-1-W-1	0	18	228	117	293	61	194	19	217	105	220	0	0	209	0	0	1681	65	0.1R-Water	19	3
2-W3-R0-1-W-2	83	25	261	353	640	0	303	18	461	54	89	0	0	143	0	0	2430	66	0.1R-Water	20	3
2-W3-R0-1-W-3	76	20	489	220	188	0	211	67	478	91	68	0	0	176	0	28	2112	67	0.1R-Water	21	3
2-W3-R0-1-W-4	0	19	557	245	244	252	83	50	832	281	176	0	0	113	18	102	2972	68	0.1R-Water	22	3
2-W3-R0-1-W-5	129	19	431	137	350	295	193	67	495	94	47	0	0	158	0	80	2495	69	0.1R-Water	23	3
2-W4-C-S-1	114	7	156	229	457	86	204	195	501	50	24	3	0	184	0	6	2216	70	Control	1	4
2-W4-C-S-2	0	13	328	168	226	0	155	539	592	31	40	0	0	109	0	0	2201	71	Control	2	4
2-W4-C-S-3	52	0	312	180	183	81	21	740	337	233	26	52	0	0	0	16	2233	72	Control	3	4
2-W4-C-S-4	97	10	82	123	188	0	134	213	319	17	64	0	6	7	0	0	1260	73	Control	4	4
2-W4-C-S-5	146	24	303	88	332	60	339	393	614	60	176	0	7	142	0	0	2684	74	Control	5	4
2-W4-C-S-6	86	34	183	199	203	99	287	248	488	46	62	0	0	282	0	29	2246	75	Control	6	4
2-W4-R0-001-S-1	158	14	238	139	250	219	219	228	608	203	97	0	0	112	0	9	2494	76	0.001R-Syrup	7	4
2-W4-R0-001-S-2	100	18	268	135	167	0	169	466	389	179	96	0	9	116	0	0	2112	77	0.001R-Syrup	8	4
2-W4-R0-001-S-3	95	14	411	91	216	76	256	279	377	54	284	0	4	0	0	43	2200	78	0.001R-Syrup	9	4
2-W4-R0-001-S-4	93	18	116	71	297	45	250	217	457	112	151	0	0	128	0	0	1955	79	0.001R-Syrup	10	4
2-W4-R0-001-W-1	0	27	166	33	330	74	236	285	416	0	386	0	0	155	0	6	2114	80	0.001R-Water	11	4
2-W4-R0-001-W-2	0	11	72	131	387	0	133	151	326	0	79	0	0	129	0	0	1419	81	0.001R-Water	12	4
2-W4-R0-001-W-3	83	11	400	169	378	156	275	293	630	71	185	6	11	121	0	36	2825	82	0.001R-Water	13	4
2-W4-R0-001-W-4	34	13	182	98	423	48	245	161	534	103	149	0	0	125	0	0	2115	83	0.001R-Water	14	4
2-W4-R0-1-S-1	178	22	292	190	397	0	248	47	424	66	119	0	0	99	0	7	2089	84	0.1R-Syrup	15	4
2-W4-R0-1-S-2	109	19	287	116	261	0	164	157	1007	201	154	0	0	75	0	0	2550	85	0.1R-Syrup	16	4
2-W4-R0-1-S-3	158	21	188	93	305	54	253	169	439	56	148	0	30	124	0	0	2038	86	0.1R-Syrup	17	4
2-W4-R0-1-S-4	52	11	136	173	558	69	362	140	413	138	201	6	0	184	0	27	2470	87	0.1R-Syrup	18	4
2-W4-R0-1-W-1	150	17	187	160	407	73	320	167	419	109	132	4	0	305	0	15	2465	88	0.1R-Water	19	4
2-W4-R0-1-W-2	66	17	209	106	247	0	149	72	314	107	81	0	0	155	0	0	1523	89	0.1R-Water	20	4
2-W4-R0-1-W-3	115	15	201	148	312	106	290	208	507	206	129	0	8	233	0	77	2555	90	0.1R-Water	21	4
2-W4-R0-1-W-4	67	18	219	102	129	86	165	115	1243	306	293	6	0	78	0	49	2876	91	0.1R-Water	22	4
2-W4-R0-1-W-5	69	16	163	72	323	41	259	209	483	176	108	5	0	117	0	7	2048	92	0.1R-Water	23	4
2-W7-C-S-1	181	14	141	169	263	0	116	250	431	91	0	0	42	133	0	0	1831	93	Control	1	7
2-W7-C-S-2	0	15	243	289	303	0	288	334	692	138	5	0	0	131	0	0	2438	94	Control	2	7
2-W7-C-S-3	64	28	366	206	221	0	114	567	594	262	0	0	10	48	0	0	2480	95	Control	3	7
2-W7-C-S-4	310	18	194	212	279	63	200	226	554	103	32	0	13	0	0	12	2216	96	Control	4	7
2-W7-C-S-5	0	5	145	136	182	0	169	287	384	72	18	0	21	159	0	23	1601	97	Control	5	7
2-W7-C-S-6	135	19	122	232	261	52	152	143	492	113	0	0	36	265	11	21	2054	98	Control	6	7
2-W7-R0-001-S-1	128	33	414	277	275	0	185	382	700	130	25	0	0	224	0	0	2773	99	0.001R-Syrup	7	7
2-W7-R0-001-S-2	190	24	160	204	330	72	204	377	513	93	11	0	88	202	0	137	2605	100	0.001R-Syrup	8	7
2-W7-R0-001-S-3	157	27	295	173	483	52	269	355	490	81	14	0	11	153	0	0	2560	101	0.001R-Syrup	9	7
2-W7-R0-001-S-4	162	24	140	159	383	49	330	318	441	137	36	0	0	272	0	32	2483	102	0.001R-Syrup	10	7
2-W7-R0-001-W-1	205	24	189	221	199	0	288	293	510	89	15	0	23	170	0	9	2235	103	0.001R-Water	11	7
2-W7-R0-001-W-2	242	27	252	223	494	56	342	435	750	90	7	0	0	162	0	21	3101	104	0.001R-Water	12	7
2-W7-R0-001-W-3	91	0	188	97	167	0	103	197	339	133	0	18	0	115	0	57	1505	105	0.001R-Water	13	7
2-W7-R0-001-W-4	156	28	257	281	332	70	385	230	601	280	41	0	0	211	0	19	2891	106	0.001R-Water	14	7
2-W7-R0-1-S-1	268	23	156	167	267	211	180	135	360	264	0	0	42	117	0	25	2215	107	0.1R-Syrup	15	7
2-W7-R0-1-S-2	265	29	216	258	546	48	225	276	449	373	26	12	13	155	0	70	2961	108	0.1R-Syrup	16	7
2-W7-R0-1-S-3	250	21	174	209	383	0	265	325	646	113	14	0	64	182	0	48	2694	109	0.1R-Syrup	17	7
2-W7-R0-1-S-4	41	26	172	196	352	71	302	215	511	210	36	0	0	356	0	10	2498	110	0.1R-Syrup	18	7
2-W7-R0-1-W-1	145	27	158	253	380	77	299	213	625	107	15	0	14	273	0	45	2631	111	0.1R-Water	19	7
2-W7-R0-1-W-2	155	14	190	209	321	0	131	111	471	175	25	0	43	216	0	21	2082	112	0.1R-Water	20	7
2-W7-R0-1-W-4	139	27	191	189	274	0	188	251	696	184	11	0	2	205	0	0	2357	114	0.1R-Water	22	7
2-W7-R0-1-W-5	156	0	128	131	353	43	217	250	359	151	15	0	0	138	0	21	1962	115	0.1R-Water	23	7