ASV	L_mellis	L_mellifer	L_kullabergensis	L_apis	L_melliventris	L_helsigborgensis	Bifidobacterium	Snodgrassella	Gilliamella	Bartonella	Frischella	Commensalibacter	Fructobacillus	L_kunkeei	Enterobacteriaceae	Other_lactobacillus	Moraxellaceae	Total_reads	Bee	Group	Description	Hive	Week
1SE3-1	9	0	32	1028	0	605	13	194	542	18	2867	0	175	39	33	0	0	5555	1	1SE3	Control	1SE	0
1SE3-2	9	0	23	16	19	3561	647	9	2204	56	0	0	27	0	481	0	0	7052	2	1SE3	Control	1SE	0
1SE3-3	0	25	346	0	163	2567	141	283	146	6	1128	0	76	28	1342	0	0	6251	3	1SE3	Control	1SE	0
1SE3-4	7	0	481	755	1056	216	895	10	26	0	802	0	32	0	2022	0	0	6302	4	1SE3	Control	1SE	0
1SE3-5	0	0	3514	256	22	0	14	117	132	9	1477	0	428	0	708	23	0	6677	5	1SE3	Control	1SE	0
1SE3-6	79	27	225	980	791	38	623	745	1546	784	418	0	59	0	11	375	0	6326	6	1SE3	Control	1SE	0
1SE3-7	9	0	20	10	15	0	13	5	16	6	0	0	69	0	6289	0	0	6452	7	1SE3	Control	1SE	0
1SE3-8	0	0	4009	10	50	0	68	15	727	292	908	0	54	10	879	0	0	7022	8	1SE3	Control	1SE	0
1SE3-9	13	0	0	1493	176	1488	334	19	468	160	0	0	32	0	3248	0	0	7431	9	1SE3	Control	1SE	0
1SE3-10	0	0	19	0	0	1667	169	9	1541	0	0	2761	49	47	664	0	0	6926	10	1SE3	Control	1SE	0
1SE3-11	603	12	264	404	715	212	584	1970	1498	28	150	0	20	0	351	0	0	6811	11	1SE3	Control	1SE	0
1SE3-12	213	32	992	669	330	167	582	1856	2075	448	22	0	39	0	30	54	0	7455	12	1SE3	Control	1SE	0
1SE3-13	334	27	583	1017	330	132	736	1074	687	278	61	0	7	0	2139	130	0	7405	13	1SE3	Control	1SE	0
1SE3-14	120	86	593	1005	233	25	682	1235	2884	797	0	7	18	0	13	180	0	7698	14	1SE3	Control	1SE	0
1SE3-15	0	0	13	660	9	0	12	0	3339	29	0	0	1954	231	2659	0	0	8906	15	1SE3	Control	1SE	0
4SE3-1	161	0	160	542	69	2720	710	111	545	781	304	10	39	0	63	0	0	6215	16	4SE3	Control	4SE	0
4SE3-2	509	115	569	751	274	311	867	1392	766	156	410	0	88	0	8	247	0	6216	17	4SE3	Control	4SE	0
4SE3-3	99	0	44	57	51	1708	189	0	16	0	1250	2412	20	0	379	98	0	6225	18	4SE3	Control	4SE	0
4SE3-4	888	0	1332	288	981	367	1492	12	39	0	672	33	4	0	0	0	0	6108	19	4SE3	Control	4SE	0
4SE3-5	91	47	706	954	200	102	672	1863	932	52	1143	0	8	0	0	56	0	6770	20	4SE3	Control	4SE	0
4SE3-6	227	19	233	2088	52	1052	671	391	17	0	796	1455	38	0	208	0	0	7247	21	4SE3	Control	4SE	0
4SE3-7	249	49	876	600	506	97	958	652	1486	957	70	49	6	4	49	170	0	6608	22	4SE3	Control	4SE	0
4SE3-8	151	64	364	637	372	103	486	1497	1076	294	462	0	4	0	159	254	0	5738	23	4SE3	Control	4SE	0
4SE3-9	0	0	0	27	20	0	5218	0	13	7	0	0	892	20	7	0	0	6204	24	4SE3	Control	4SE	0
4SE3-10	458	0	375	779	297	132	634	1213	1701	1370	70	166	119	0	15	0	0	7329	25	4SE3	Control	4SE	0
4SE3-11	589	116	619	1056	553	185	940	1368	613	8	780	3	91	0	33	169	0	6954	26	4SE3	Control	4SE	0
4SE3-12	240	33	323	1169	72	319	460	28	1568	377	0	957	0	0	68	0	0	5614	27	4SE3	Control	4SE	0
4SE3-13	304	126	1119	1036	286	267	938	1767	2015	1033	107	20	0	4	15	213	0	9037	28	4SE3	Control	4SE	0
4SE3-14	178	45	864	844	216	210	766	810	1736	684	7	3	11	0	5	173	0	6379	29	4SE3	Control	4SE	0
4SE3-15	121	85	1122	726	298	239	687	955	931	530	1084	0	0	0	57	304	0	6835	30	4SE3	Control	4SE	0
5SE3-1	650	114	577	363	882	1759	901	6	2105	8	0	4	23	0	7	57	0	7399	31	5SE3	Control	5SE	0
5SE3-2	0	92	1950	0	1226	0	707	5	21	0	0	393	11	25	2809	584	0	7239	32	5SE3	Control	5SE	0
5SE3-3	371	75	244	788	504	371	748	606	1533	885	159	109	5	0	974	0	0	7372	33	5SE3	Control	5SE	0
5SE3-4	0	0	0	18	0	0	1598	0	15	0	1921	0	38	74	3120	0	0	6784	34	5SE3	Control	5SE	0
5SE3-5	525	110	560	807	299	350	823	1867	1415	512	22	0	12	0	60	234	0	7362	35	5SE3	Control	5SE	0
5SE3-6	829	26	433	518	656	30	650	762	1876	440	323	3	26	11	66	604	0	6701	36	5SE3	Control	5SE	0
5SE3-7	2440	749	0	85	15	0	528	12	16	17	3904	0	128	8	11	0	0	7913	37	5SE3	Control	5SE	0
5SE3-8	272	169	987	533	97	313	1184	1093	1281	0	294	0	10	0	86	389	0	6319	38	5SE3	Control	5SE	0
5SE3-9	6	0	17	7	0	0	4	0	16	7	0	5871	910	97	0	0	0	6935	39	5SE3	Control	5SE	0
5SE3-10	10	0	16	3451	0	0	882	11	2020	0	0	0	50	0	1637	0	0	8077	40	5SE3	Control	5SE	0
5SE3-11	0	0	439	1077	0	758	643	1724	309	41	1378	11	132	107	105	0	0	6724	41	5SE3	Control	5SE	0
5SE3-12	0	0	0	0	0	0	0	0	875	0	0	0	188	76	0	594	0	1139	42	5SE3	Control	5SE	0
5SE3-13	116	109	2985	128	13	29	484	74	1817	0	77	0	18	0	4	319	0	5854	43	5SE3	Control	5SE	0
5SE3-14	498	0	39	1884	0	71	784	3	440	0	444	1410	5	0	1192	0	0	6770	44	5SE3	Control	5SE	0
5SE3-15	15	0	0	44	39	26	13	10	21	0	8	34	177	31	7041	0	0	7459	45	5SE3	Control	5SE	0
8SE3-1	338	48	109	647	1221	24	981	472	1727	1560	362	11	14	0	115	127	0	7629	46	8SE3	Control	8SE	0
8SE3-2	304	47	739	1318	534	95	915	1746	2056	639	0	0	0	0	153	375	0	8546	47	8SE3	Control	8SE	0
8SE3-3	135	20	52	794	488	2179	781	601	1054	18	38	2169	18	0	60	174	0	8407	48	8SE3	Control	8SE	0
8SE3-4	0	3	0	4507	7	146	11	301	22	5	1227	5	26	10	1270	100	0	7540	49	8SE3	Control	8SE	0
8SE3-5	274	286	818	1509	522	478	1726	158	2114	124	9	4	0	0	194	831	0	8216	50	8SE3	Control	8SE	0
8SE3-6	211	44	264	781	1235	355	1362	502	2136	1593	0	9	5	0	24	215	0	8521	51	8SE3	Control	8SE	0
8SE3-7	373	96	510	508	519	623	1164	1095	1631	908	125	0	0	0	587	521	0	8343	52	8SE3	Control	8SE	0
8SE3-8	656	55	78	1059	481	495	1289	819	2052	740	9	0	0	0	8	524	0	7741	53	8SE3	Control	8SE	0
8SE3-9	428	26	520	612	321	359	873	319	1323	653	0	0	15	0	192	313	0	5641	54	8SE3	Control	8SE	0
8SE3-10	0	83	685	755	58	1184	1072	929	1483	91	0	25	8	0	0	678	0	6480	55	8SE3	Control	8SE	0
8SE3-11	200	126	330	323	147	877	923	1832	419	0	18	0	0	8	1393	0	0	6596	56	8SE3	Control	8SE	0
8SE3-12	471	114	571	484	584	410	754	754	1016	345	37	178	0	0	93	483	0	5811	57	8SE3	Control	8SE	0
8SE3-13	223	120	432	323	386	45	1011	1859	1025	496	266	0	0	0	0	143	0	6186	58	8SE3	Control	8SE	0
8SE3-14	1317	371	1418	673	157	273	919	542	1491	3	0	0	0	0	403	489	0	7567	59	8SE3	Control	8SE	0
8SE3-15	149	28	861	286	77	43	628	1014	1567	365	0	0	10	0	30	0	0	5058	60	8SE3	Control	8SE	0
30BW3-1	114	155	647	492	494	75	657	668	1194	616	0	0	0	3	88	1606	0	5203	61	30BW3	Control	30BW	0
30BW3-2	2132	23	1110	519	267	188	1232	962	2163	42	95	0	3	7	149	0	0	8892	62	30BW3	Control	30BW	0
30BW3-3	0	11	559	915	801	116	808	805	1383	614	0	0	51	8	19	1637	0	6275	63	30BW3	Control	30BW	0
30BW3-4	544	35	357	1151	423	365	439	1626	1312	557	0	0	8	0	13	597	0	6830	64	30BW3	Control	30BW	0
30BW3-5	146	15	1504	1177	185	25	513	1447	1710	809	0	0	7	8	5	493	0	7551	65	30BW3	Control	30BW	0
30BW3-6	1375	105	731	663	356	357	1432	1224	1545	515	318	0	5	3	19	47	0	8648	66	30BW3	Control	30BW	0
30BW3-7	990	3	666	698	539	26	939	391	1938	1248	4	0	273	5	0	341	0	7720	67	30BW3	Control	30BW	0
30BW3-8	642	32	546	324	1105	578	754	181	994	1117	6	0	38	6	1404	0	0	7727	68	30BW3	Control	30BW	0
30BW3-9	0	0	1347	581	440	0	1338	261	2854	0	49	0	61	56	409	0	0	7396	69	30BW3	Control	30BW	0
30BW3-10	477	13	309	625	334	394	202	1475	1043	27	640	0	16	6	117	177	0	5678	70	30BW3	Control	30BW	0
30BW3-11	520	25	871	1598	242	0	455	294	1569	0	508	0	0	0	509	0	0	6591	71	30BW3	Control	30BW	0
30BW3-12	1294	25	739	1108	374	486	643	331	1541	1106	0	0	125	7	42	124	0	7945	72	30BW3	Control	30BW	0
30BW3-13	931	107	569	788	461	378	439	1164	705	436	1077	0	10	0	4	0	0	7069	73	30BW3	Control	30BW	0
30BW3-14	13	0	0	0	0	30	0	16	25	0	15	0	6297	1380	13	0	0	7789	74	30BW3	Control	30BW	0
30BW3-15	513	82	157	180	239	52	617	842	202	133	101	4	0	0	2050	54	0	5226	75	30BW3	Control	30BW	0
9SE3-1	226	5	169	617	1376	68	520	535	1474	106	54	3	20	0	504	0	0	5677	76	9SE3	Treatment	9SE	0
9SE3-2	267	0	0	0	67	2360	3	32	1622	6	0	0	13	0	1532	0	0	5902	77	9SE3	Treatment	9SE	0
9SE3-3	59	133	412	369	697	406	558	1926	871	368	664	0	4	4	7	99	0	6478	78	9SE3	Treatment	9SE	0
9SE3-4	0	16	741	1074	166	151	303	1066	1694	330	270	0	0	0	7	117	0	5818	79	9SE3	Treatment	9SE	0
9SE3-5	136	10	269	188	0	1346	631	6	2011	0	0	0	8	0	895	56	0	5500	80	9SE3	Treatment	9SE	0
9SE3-6	0	0	67	3687	149	741	7	211	21	0	540	0	13	0	1305	98	0	6741	81	9SE3	Treatment	9SE	0
9SE3-7	362	16	517	489	2113	58	719	11	20	15	776	3	211	4	885	860	0	6199	82	9SE3	Treatment	9SE	0
9SE3-8	73	40	663	691	168	35	203	271	523	0	5	76	6	0	2339	86	0	5093	83	9SE3	Treatment	9SE	0
9SE3-9	0	114	540	343	711	910	1079	862	901	1169	11	0	24	15	0	511	0	6679	84	9SE3	Treatment	9SE	0
9SE3-10	0	17	541	1329	228	61	345	1902	1362	691	0	0	0	0	9	145	0	6485	85	9SE3	Treatment	9SE	0
9SE3-11	61	33	477	1785	103	295	418	733	1593	505	0	2	0	0	227	184	0	6232	86	9SE3	Treatment	9SE	0
9SE3-12	97	18	479	823	241	110	419	492	2102	1506	0	0	14	0	8	66	0	6309	87	9SE3	Treatment	9SE	0
9SE3-13	724	35	575	329	368	284	871	356	2049	585	0	0	2	0	27	327	0	6387	88	9SE3	Treatment	9SE	0
9SE3-14	361	23	385	583	573	98	589	730	1266	751	504	0	20	0	366	0	0	6249	89	9SE3	Treatment	9SE	0
9SE3-15	0	46	188	901	339	80	486	1654	708	6	372	41	26	0	1621	467	0	6577	90	9SE3	Treatment	9SE	0
10SE3-1	0	0	0	21	0	2650	237	5	18	0	465	4	174	10	3814	325	0	7398	91	10SE3	Treatment	10SE	0
10SE3-2	643	90	576	1425	394	179	797	1842	1426	649	617	0	39	0	48	0	0	8725	92	10SE3	Treatment	10SE	0
10SE3-3	457	85	654	849	690	55	730	634	1921	1349	0	0	15	0	82	0	0	7521	93	10SE3	Treatment	10SE	0
10SE3-4	507	65	421	529	413	82	965	1774	1433	780	349	0	0	0	50	100	0	7368	94	10SE3	Treatment	10SE	0
10SE3-5	135	93	265	691	880	207	813	973	1750	1536	230	0	136	5	457	127	0	8171	95	10SE3	Treatment	10SE	0
10SE3-6	685	53	698	885	266	434	669	2747	1248	0	523	0	0	0	97	0	0	8305	96	10SE3	Treatment	10SE	0
10SE3-7	121	0	577	374	962	0	445	411	1195	21	592	1776	83	0	78	358	0	6635	97	10SE3	Treatment	10SE	0
10SE3-8	16	0	39	2426	25	50	0	115	5618	13	6	4	12	32	5139	0	0	13495	98	10SE3	Treatment	10SE	0
10SE3-9	429	45	236	1142	309	75	711	1410	1292	12	306	0	3	0	1052	189	0	7022	99	10SE3	Treatment	10SE	0
10SE3-10	708	130	612	705	466	85	758	402	1047	1391	211	121	26	18	10	0	0	6690	100	10SE3	Treatment	10SE	0
10SE3-11	9	0	0	2525	0	2418	426	10	904	0	254	0	75	0	19	0	0	6640	101	10SE3	Treatment	10SE	0
10SE3-12	0	56	427	6362	0	0	41	128	18	9	0	0	223	0	5	62	0	7299	102	10SE3	Treatment	10SE	0
10SE3-13	0	0	0	15	13	0	5	10	3165	0	50	0	630	11	3239	9	0	7138	103	10SE3	Treatment	10SE	0
10SE3-14	1338	41	115	658	537	81	866	1093	1830	303	0	0	14	0	377	207	0	7460	104	10SE3	Treatment	10SE	0
10SE3-15	151	43	621	723	251	149	581	1193	2117	888	10	15	0	0	66	101	0	6808	105	10SE3	Treatment	10SE	0
26BW3-1	2095	185	0	1105	17	1029	805	202	912	6	1057	0	6	0	1006	0	0	8425	106	26BW3	Treatment	26BW	0
26BW3-2	368	11	375	3332	236	1102	251	377	1058	5	1160	0	154	11	15	154	0	8455	107	26BW3	Treatment	26BW	0
26BW3-3	386	74	1098	1541	108	1144	1358	136	2115	7	19	0	63	9	1000	271	0	9058	108	26BW3	Treatment	26BW	0
26BW3-4	829	75	1124	237	782	476	1498	403	636	1423	219	0	14	4	0	0	0	7720	109	26BW3	Treatment	26BW	0
26BW3-5	686	0	48	27	24	2289	1089	14	2742	33	11	64	37	0	261	1694	0	7325	110	26BW3	Treatment	26BW	0
26BW3-6	0	76	1287	2523	315	588	1469	441	80	7	1643	0	12	0	24	429	0	8465	111	26BW3	Treatment	26BW	0
26BW3-7	2059	32	1335	411	582	273	735	1250	1774	599	14	0	2	0	63	0	0	9129	112	26BW3	Treatment	26BW	0
26BW3-8	190	62	816	561	533	296	872	1180	927	1816	6	0	15	3	4	664	0	7433	113	26BW3	Treatment	26BW	0
26BW3-9	486	0	1182	1472	261	483	904	142	341	209	504	372	47	16	0	197	0	6419	114	26BW3	Treatment	26BW	0
26BW3-10	921	27	3104	3436	0	0	0	4	14	0	0	0	324	7	3	243	0	7840	115	26BW3	Treatment	26BW	0
26BW3-11	1225	104	825	546	509	66	1432	516	1377	1000	5	7	28	0	229	0	0	7869	116	26BW3	Treatment	26BW	0
26BW3-12	1490	103	568	1026	88	176	1161	257	1314	6	464	0	23	0	80	266	0	7022	117	26BW3	Treatment	26BW	0
26BW3-13	494	183	448	574	410	406	1055	936	921	1245	36	11	4	0	0	149	0	6723	118	26BW3	Treatment	26BW	0
26BW3-14	0	33	151	2315	384	0	976	2212	1593	123	0	0	63	8	0	244	0	7858	119	26BW3	Treatment	26BW	0
26BW3-15	472	81	686	501	421	128	925	1457	1080	0	0	0	0	0	0	255	0	5751	120	26BW3	Treatment	26BW	0
27BW3-1	1171	40	355	335	719	680	931	236	980	1031	235	0	2	0	164	0	0	6879	121	27BW3	Treatment	27BW	0
27BW3-2	1319	47	951	579	438	83	1047	1097	1498	795	501	0	3	0	10	0	0	8368	122	27BW3	Treatment	27BW	0
27BW3-3	758	73	1335	1634	162	1433	6	6	12	0	1769	0	15	0	0	81	0	7203	123	27BW3	Treatment	27BW	0
27BW3-4	1009	19	1014	152	296	257	871	257	1048	1130	341	0	7	0	21	219	0	6422	124	27BW3	Treatment	27BW	0
27BW3-5	454	81	623	1401	281	893	506	0	354	0	573	11	9	0	56	151	0	5242	125	27BW3	Treatment	27BW	0
27BW3-6	269	14	2539	202	0	843	663	28	984	0	106	132	15	0	1167	0	0	6962	126	27BW3	Treatment	27BW	0
27BW3-7	1478	35	547	685	303	286	611	505	1105	212	97	0	4	0	34	0	0	5902	127	27BW3	Treatment	27BW	0
27BW3-8	823	0	194	1755	9	1674	655	0	1044	0	129	941	30	6	611	0	0	7871	128	27BW3	Treatment	27BW	0
27BW3-9	0	0	0	1783	0	2066	1310	0	1381	24	0	0	24	8	2	196	0	6598	129	27BW3	Treatment	27BW	0
27BW3-10	295	81	689	548	141	149	611	482	435	131	0	0	0	0	2497	242	0	6059	130	27BW3	Treatment	27BW	0
27BW3-11	379	47	751	584	297	413	906	208	2681	450	284	0	0	0	0	104	0	7000	131	27BW3	Treatment	27BW	0
27BW3-12	119	7	115	2795	16	901	88	69	2326	9	0	0	15	10	0	0	0	6470	132	27BW3	Treatment	27BW	0
27BW3-13	557	75	439	322	354	414	1247	617	1569	1014	0	0	0	9	26	0	0	6643	133	27BW3	Treatment	27BW	0
27BW3-14	8	0	2084	1240	515	769	34	9	12	0	1118	987	14	0	0	0	0	6790	134	27BW3	Treatment	27BW	0
27BW3-15	339	92	686	352	303	818	1428	221	560	1475	277	0	3	0	0	88	0	6554	135	27BW3	Treatment	27BW	0
28BW3-1	129	49	319	1000	220	460	761	834	724	1729	306	5	12	0	377	130	0	6925	136	28BW3	Treatment	28BW	0
28BW3-2	82	59	901	331	127	1485	899	575	753	0	15	0	3	4	561	679	0	5795	137	28BW3	Treatment	28BW	0
28BW3-3	24	0	0	26	15	1837	17	41	1341	65	249	0	485	13	5735	0	0	9848	138	28BW3	Treatment	28BW	0
28BW3-4	695	66	547	440	554	1261	1216	4	555	1495	0	0	0	14	4	112	0	6851	139	28BW3	Treatment	28BW	0
28BW3-5	1064	9	353	405	705	36	712	995	746	924	8	0	0	0	199	58	0	6156	140	28BW3	Treatment	28BW	0
28BW3-6	32	16	0	51	0	2357	623	2171	52	3	291	474	0	0	202	64	0	6272	141	28BW3	Treatment	28BW	0
28BW3-7	334	60	125	527	362	258	752	2429	359	2107	21	56	6	0	23	0	0	7419	142	28BW3	Treatment	28BW	0
28BW3-8	244	59	95	658	52	2688	792	995	921	474	278	0	51	0	331	146	0	7638	143	28BW3	Treatment	28BW	0
28BW3-9	812	55	305	199	244	1673	864	1069	1153	775	0	0	15	0	92	55	0	7256	144	28BW3	Treatment	28BW	0
28BW3-10	597	61	705	742	558	265	1119	1131	1332	1187	29	40	0	0	612	0	0	8378	145	28BW3	Treatment	28BW	0
28BW3-11	79	11	0	327	9	3410	1038	2569	129	38	383	0	10	12	502	612	0	8517	146	28BW3	Treatment	28BW	0
28BW3-12	337	62	0	0	0	2376	853	1802	617	0	0	3	86	28	22	0	0	6186	147	28BW3	Treatment	28BW	0
28BW3-13	859	56	262	653	500	313	405	1253	1769	1639	0	0	0	0	0	0	0	7709	148	28BW3	Treatment	28BW	0
28BW3-14	177	143	330	525	826	344	1094	601	1270	927	80	128	7	27	203	547	0	6682	149	28BW3	Treatment	28BW	0
28BW3-15	5	29	24	63	0	3114	781	1429	1056	407	808	0	0	0	268	0	0	7984	150	28BW3	Treatment	28BW	0
1SE4-1	370	0	106	1006	889	0	427	14	1882	5368	0	0	6	0	875	0	0	10943	151	1SE4	Control	1SE	1
1SE4-2	313	24	1303	1230	1196	356	852	1717	125	1321	21	2803	206	13	241	72	0	11721	152	1SE4	Control	1SE	1
1SE4-3	90	57	197	586	294	126	1050	2533	710	5599	150	15	0	0	666	0	0	12073	153	1SE4	Control	1SE	1
1SE4-4	747	125	3639	430	383	90	930	2096	281	636	645	0	59	10	1748	56	0	11875	154	1SE4	Control	1SE	1
1SE4-5	554	102	1582	1419	279	1752	1399	3345	8674	2199	0	6	0	0	32	614	0	21343	155	1SE4	Control	1SE	1
1SE4-6	178	72	509	617	567	360	994	939	1548	4720	272	0	5	0	23	0	0	10804	156	1SE4	Control	1SE	1
1SE4-7	837	85	1106	926	727	265	1241	1309	2795	1806	213	0	11	0	8	0	0	11329	157	1SE4	Control	1SE	1
1SE4-8	168	89	450	1542	420	22	776	2154	2575	796	359	0	0	8	79	635	0	9533	158	1SE4	Control	1SE	1
1SE4-9	797	0	21	337	3379	1312	16	1850	2910	15	0	3	0	0	0	0	0	10640	159	1SE4	Control	1SE	1
1SE4-10	50	0	1533	1324	83	2691	1300	940	2321	15	0	5	23	0	27	0	0	10312	160	1SE4	Control	1SE	1
1SE4-11	350	28	1281	1474	393	906	711	2348	3158	36	18	3	28	0	0	127	0	10734	161	1SE4	Control	1SE	1
1SE4-12	385	0	16	1881	7925	629	10	15	20	0	0	0	134	6	5265	0	0	16286	162	1SE4	Control	1SE	1
1SE4-13	489	0	1549	1690	0	23	1225	880	3424	13	0	7	11	0	7	0	0	9318	163	1SE4	Control	1SE	1
1SE4-14	0	0	0	27	26	7250	7	0	29	15	3	3305	26	8	52	0	0	10748	164	1SE4	Control	1SE	1
1SE4-15	657	41	780	508	683	148	796	1672	2427	1673	15	7	37	0	8	168	0	9452	165	1SE4	Control	1SE	1
4SE4-1	480	137	783	680	457	1132	1653	1793	1142	291	617	0	0	0	911	194	0	10158	166	4SE4	Control	4SE	1
4SE4-2	0	54	198	1228	160	49	423	2571	1676	2969	0	357	6	0	26	451	0	10066	167	4SE4	Control	4SE	1
4SE4-3	359	69	509	1134	266	415	720	2969	39	1693	1352	68	0	0	47	0	0	9640	168	4SE4	Control	4SE	1
4SE4-4	869	208	3258	739	24	348	1733	230	36	2252	2052	1222	3	0	5	106	0	12979	169	4SE4	Control	4SE	1
4SE4-5	366	93	505	1066	419	147	832	992	1519	3524	0	517	0	0	13	496	0	10079	170	4SE4	Control	4SE	1
4SE4-6	140	0	1720	380	316	526	1304	33	44	1818	2270	1739	49	0	1700	0	0	12039	171	4SE4	Control	4SE	1
4SE4-7	0	380	1957	964	878	335	1103	3139	4150	40	10	82	45	0	36	231	0	13119	172	4SE4	Control	4SE	1
4SE4-8	143	89	762	809	279	445	364	2309	3339	3802	10	14	0	0	4	0	0	12369	173	4SE4	Control	4SE	1
4SE4-9	231	103	260	545	667	282	771	306	2477	4115	317	39	0	0	105	91	0	10218	174	4SE4	Control	4SE	1
4SE4-10	363	0	590	2422	460	1406	1170	12	3189	1989	9	324	0	12	419	0	0	12365	175	4SE4	Control	4SE	1
4SE4-11	401	147	891	1341	510	819	926	2855	74	1345	1305	47	0	0	4	632	0	11250	176	4SE4	Control	4SE	1
4SE4-12	44	91	76	1343	218	158	947	4767	2918	4918	0	314	0	0	59	140	0	15853	177	4SE4	Control	4SE	1
4SE4-13	118	0	3127	21	12	0	553	15	2504	29	0	4741	0	0	0	1663	0	11120	178	4SE4	Control	4SE	1
4SE4-14	948	627	2265	1527	1968	0	2383	18	50	30	2086	1123	0	0	5	915	0	13258	179	4SE4	Control	4SE	1
4SE4-15	209	99	86	1658	284	939	949	589	599	3913	2762	126	0	0	117	0	0	12330	180	4SE4	Control	4SE	1
5SE4-1	101	24	5808	42	60	1694	129	16	3887	58	10	0	6	0	255	204	0	12090	181	5SE4	Control	5SE4	1
5SE4-2	1414	0	1512	1321	269	1610	1833	524	2568	474	58	6	9	0	111	491	0	12200	182	5SE4	Control	5SE4	1
5SE4-3	59	0	4100	2652	36	358	1706	257	4948	33	131	0	4	34	21	0	0	14339	183	5SE4	Control	5SE4	1
5SE4-4	907	234	681	845	3014	1829	2578	1982	582	38	1203	67	101	0	12	879	0	14073	184	5SE4	Control	5SE4	1
5SE4-5	180	133	110	1468	647	175	1169	683	2529	7311	348	26	0	0	11	523	0	14864	185	5SE4	Control	5SE4	1
5SE4-6	242	104	1101	1296	1037	1961	1270	5530	1692	117	12	12	0	0	1541	356	0	15915	186	5SE4	Control	5SE4	1
5SE4-7	442	137	1346	1549	3530	209	1704	1830	1053	109	18	19	4	0	2557	373	0	14507	187	5SE4	Control	5SE4	1
5SE4-8	1701	281	1184	5215	350	506	194	12	894	34	2006	288	0	0	0	0	0	12665	188	5SE4	Control	5SE4	1
5SE4-9	482	11	392	4062	75	2127	147	82	1274	34	898	0	4	0	6	0	0	9594	189	5SE4	Control	5SE4	1
5SE4-10	10	0	0	21	26	403	2659	11	6601	17	22	0	43	93	875	0	0	10781	190	5SE4	Control	5SE4	1
5SE4-11	416	206	2330	2133	1226	886	1308	14	3431	1549	25	0	5	0	1762	613	0	15291	191	5SE4	Control	5SE4	1
5SE4-12	533	142	702	2055	1520	953	1503	892	4524	21	26	0	6	0	76	663	0	12953	192	5SE4	Control	5SE4	1
5SE4-13	0	0	4697	17	1303	0	1132	19	20	26	6	3	5	0	4177	0	0	11405	193	5SE4	Control	5SE4	1
5SE4-14	691	155	2635	436	744	266	1759	641	1142	17	0	0	0	0	29	98	0	8515	194	5SE4	Control	5SE4	1
5SE4-15	93	36	701	1656	460	3208	899	1111	2066	155	503	0	26	0	58	442	0	11053	195	5SE4	Control	5SE4	1
8SE4-1	0	66	1183	159	3196	334	1336	589	378	1655	9	142	0	0	57	558	0	9205	196	8SE4	Control	8SE	1
8SE4-2	0	97	330	1724	1463	340	1155	783	2451	4664	287	29	0	0	215	480	0	13538	197	8SE4	Control	8SE	1
8SE4-3	1216	94	446	406	670	392	1538	2131	1229	4335	0	163	0	0	244	173	0	13037	198	8SE4	Control	8SE	1
8SE4-4	0	67	518	510	601	384	1031	2056	2445	1741	38	7	4	0	605	517	0	10235	199	8SE4	Control	8SE	1
8SE4-5	444	144	597	677	1286	120	1641	1619	2883	3292	52	37	10	0	11	755	0	13020	200	8SE4	Control	8SE	1
8SE4-6	0	189	523	1783	1000	759	2070	410	1604	8198	0	65	2	0	43	920	0	16753	201	8SE4	Control	8SE	1
8SE4-7	375	98	313	979	679	240	1775	242	1186	6043	109	433	0	0	175	298	0	12882	202	8SE4	Control	8SE	1
8SE4-8	227	82	182	705	462	61	1319	471	1585	6055	545	0	0	0	2096	70	0	13790	203	8SE4	Control	8SE	1
8SE4-9	164	39	279	816	253	452	812	2701	705	3756	164	96	0	0	6	60	0	10243	204	8SE4	Control	8SE	1
8SE4-10	34	34	137	710	406	78	583	895	1582	3541	81	0	0	0	57	67	0	8138	205	8SE4	Control	8SE	1
8SE4-11	967	151	384	1619	567	1066	1501	2372	951	3369	0	92	3	0	4	0	0	13046	206	8SE4	Control	8SE	1
8SE4-12	249	89	1050	943	1045	557	1843	3385	232	150	109	307	31	5	6	499	0	10075	207	8SE4	Control	8SE	1
8SE4-13	0	53	239	511	1300	99	590	1184	921	5699	137	175	0	0	146	332	0	11054	208	8SE4	Control	8SE	1
8SE4-14	142	155	1351	860	336	775	1712	2554	124	413	577	57	2	0	570	406	0	9628	209	8SE4	Control	8SE	1
8SE4-15	392	0	489	895	365	3783	961	767	748	1099	148	2298	0	0	1560	79	0	13505	210	8SE4	Control	8SE	1
30BW4-1	333	89	637	2723	578	349	790	2957	867	712	1212	598	0	0	5	80	0	11850	211	30BW4	Control	30BW	1
30BW4-2	772	81	412	2952	463	354	1404	3179	3819	1259	0	78	0	0	0	0	0	14773	212	30BW4	Control	30BW	1
30BW4-3	1567	0	12	26	30	4962	294	2422	2384	1459	493	81	9	0	32	0	0	13771	213	30BW4	Control	30BW	1
30BW4-4	1354	83	1675	814	1036	369	1381	1589	2759	2275	41	10	34	0	728	73	0	14148	214	30BW4	Control	30BW	1
30BW4-5	493	198	1521	1199	1981	154	1323	4689	1516	94	1537	0	18	5	32	556	0	14760	215	30BW4	Control	30BW	1
30BW4-6	1235	52	639	806	2494	117	1625	1339	1985	4629	0	0	9	0	113	556	0	15043	216	30BW4	Control	30BW	1
30BW4-7	709	109	1657	2154	1023	712	1306	2952	1692	2537	25	21	0	0	6	312	0	14903	217	30BW4	Control	30BW	1
30BW4-8	0	0	5138	4143	0	757	73	55	1576	22	2127	0	0	0	0	120	0	13891	218	30BW4	Control	30BW	1
30BW4-9	1040	58	1228	2527	449	287	1369	2096	4194	711	26	0	0	0	67	0	0	14052	219	30BW4	Control	30BW	1
30BW4-10	1402	3	2730	3262	598	198	680	997	2472	71	0	1629	3	0	18	0	0	14063	220	30BW4	Control	30BW	1
30BW4-11	608	0	1018	3108	356	45	1043	2013	2623	1635	1603	281	7	6	31	584	0	14667	221	30BW4	Control	30BW	1
30BW4-12	479	84	1220	2151	595	625	1507	908	2929	644	1922	0	0	0	0	82	0	13064	222	30BW4	Control	30BW	1
30BW4-13	349	112	1426	2098	1232	297	1143	2278	2756	1414	806	73	5	0	49	195	0	14038	223	30BW4	Control	30BW	1
30BW4-14	575	33	523	3093	223	446	848	3656	1954	1259	1929	9	0	0	124	275	0	14672	224	30BW4	Control	30BW	1
30BW4-15	560	335	3333	1700	302	389	1369	1079	2902	980	295	756	24	0	97	59	0	14121	225	30BW4	Control	30BW	1
9SE4-1	529	0	643	1152	1295	685	1417	5	97	2021	1867	143	33	5	609	0	0	10501	226	9SE4	Treatment	8SE	1
9SE4-2	7	3	58	5078	92	162	8	11	19	2600	4077	0	0	14	1120	0	0	13249	227	9SE4	Treatment	8SE	1
9SE4-3	704	91	2455	610	30	3688	709	0	15	1311	1871	0	25	8	1356	0	0	12873	228	9SE4	Treatment	8SE	1
9SE4-4	752	0	59	5036	73	2369	1357	2268	0	17	5193	0	0	4	232	0	0	17360	229	9SE4	Treatment	8SE	1
9SE4-5	0	581	782	627	1315	3765	6	0	17	2251	1245	248	9	8	20	433	0	11298	230	9SE4	Treatment	8SE	1
9SE4-6	0	34	478	1067	766	124	312	197	2731	3829	0	0	0	0	0	241	0	9538	231	9SE4	Treatment	8SE	1
9SE4-7	808	228	722	1178	598	628	1335	184	1906	3154	13	0	12	0	70	0	0	10836	232	9SE4	Treatment	8SE	1
9SE4-8	403	47	553	919	1264	954	736	150	1093	3464	635	0	36	8	84	423	0	10346	233	9SE4	Treatment	8SE	1
9SE4-9	245	91	255	1071	481	213	615	586	2102	1247	265	0	0	0	9	491	0	7180	234	9SE4	Treatment	8SE	1
9SE4-10	192	50	869	761	412	408	704	111	2331	486	0	0	0	0	0	353	0	6324	235	9SE4	Treatment	8SE	1
9SE4-11	272	119	1714	2896	176	0	45	334	2729	2625	2189	0	0	0	0	295	0	13143	236	9SE4	Treatment	8SE	1
9SE4-12	361	79	34	204	2313	61	308	4	6420	1085	288	119	2	0	175	0	0	11453	237	9SE4	Treatment	8SE	1
9SE4-13	732	129	499	1149	1606	243	1350	262	2195	2719	2092	0	0	0	14	684	0	12990	238	9SE4	Treatment	8SE	1
9SE4-14	0	0	0	7833	260	0	5	82	26	15	1619	2	0	0	4053	0	0	13895	239	9SE4	Treatment	8SE	1
9SE4-15	115	0	1664	2650	20	1315	622	4	1686	40	64	0	0	0	2283	698	0	10463	240	9SE4	Treatment	8SE	1
10SE4-1	1363	97	950	656	2013	545	1850	9	2853	52	11	0	61	0	690	659	0	11738	241	10SE4	Treatment	8SE	1
10SE4-2	448	115	576	1169	500	156	1335	329	2021	4587	71	10	2	0	181	478	0	11625	242	10SE4	Treatment	8SE	1
10SE4-3	854	85	1488	579	294	868	1512	325	4546	141	131	5	0	0	1316	621	0	12144	243	10SE4	Treatment	8SE	1
10SE4-4	81	39	1120	3584	1110	211	2208	102	3806	2143	18	17	7	0	78	1322	0	14524	244	10SE4	Treatment	8SE	1
10SE4-5	413	343	1790	1942	562	510	1399	18	4377	3767	20	9	0	49	683	188	0	15882	245	10SE4	Treatment	8SE	1
10SE4-6	1057	161	1391	2347	1686	1634	1943	1352	1403	217	1226	0	6	9	17	385	0	14449	246	10SE4	Treatment	8SE	1
10SE4-7	926	90	763	615	1122	326	1575	758	4635	2381	289	137	76	0	106	101	0	13900	247	10SE4	Treatment	8SE	1
10SE4-8	75	47	126	1322	420	83	926	217	1714	7791	12	0	0	3	268	0	0	13004	248	10SE4	Treatment	8SE	1
10SE4-9	195	35	376	3079	892	264	242	226	938	437	1372	0	0	0	135	770	0	8191	249	10SE4	Treatment	8SE	1
10SE4-10	1250	160	1916	901	495	2303	1814	108	1642	36	182	56	46	0	909	0	0	11818	250	10SE4	Treatment	8SE	1
10SE4-11	780	121	1505	1072	693	1346	1862	569	2349	39	610	8	8	4	557	495	0	11523	251	10SE4	Treatment	8SE	1
10SE4-12	284	281	2578	3078	1177	813	3260	4938	5315	199	600	146	0	0	1340	954	0	24009	252	10SE4	Treatment	8SE	1
10SE4-13	581	149	1373	728	1062	1419	2747	317	3923	8049	220	0	32	5	2270	585	0	22967	253	10SE4	Treatment	8SE	1
10SE4-14	442	32	315	3045	1428	646	487	345	3034	1772	0	762	9	0	240	258	0	12703	254	10SE4	Treatment	8SE	1
10SE4-15	260	106	1261	1243	1045	775	1892	209	1775	3880	652	82	19	0	1376	844	0	14804	255	10SE4	Treatment	8SE	1
26BW4-1	760	103	1124	2177	989	643	1310	13	356	1412	1181	168	6	0	32	0	0	10274	256	26BW4	Treatment	26BW	1
26BW4-2	272	88	504	2093	879	163	1496	1318	2188	3124	20	4	3	0	24	166	0	12229	257	26BW4	Treatment	26BW	1
26BW4-3	1501	271	1078	2322	1484	940	2038	2167	1398	3450	3637	340	9	0	0	1036	0	20809	258	26BW4	Treatment	26BW	1
26BW4-4	1877	109	333	1126	1791	50	2078	232	3260	3997	8	11	0	0	7	322	0	14879	259	26BW4	Treatment	26BW	1
26BW4-5	362	104	826	2968	1285	213	739	90	3780	3260	30	55	0	0	7	197	0	13719	260	26BW4	Treatment	26BW	1
26BW4-6	531	7	343	3748	803	345	975	1492	3413	3691	0	4	6	5	291	317	0	15787	261	26BW4	Treatment	26BW	1
26BW4-7	802	51	1143	3828	846	117	945	891	4933	2429	16	0	2	0	5	0	0	16008	262	26BW4	Treatment	26BW	1
26BW4-8	1225	50	1676	1153	800	581	1180	252	2166	1817	154	0	7	0	7	79	0	11147	263	26BW4	Treatment	26BW	1
26BW4-9	269	30	922	2013	161	708	585	1467	2177	1806	47	0	0	0	10	0	0	10195	264	26BW4	Treatment	26BW	1
26BW4-10	582	33	859	1357	788	197	934	2817	1668	1951	0	0	16	0	18	0	0	11220	265	26BW4	Treatment	26BW	1
26BW4-11	1419	132	1068	1442	619	111	1950	109	1504	3130	54	0	10	0	103	545	0	11651	266	26BW4	Treatment	26BW	1
26BW4-12	1373	127	2071	617	1563	1104	2239	436	64	3229	665	0	5	0	4	506	0	13497	267	26BW4	Treatment	26BW	1
26BW4-13	1155	98	714	2267	426	195	1589	1839	510	2686	1454	0	0	0	5	0	0	12938	268	26BW4	Treatment	26BW	1
26BW4-14	4308	68	918	3561	22	2269	1940	325	164	36	4681	0	57	3	6	0	0	18358	269	26BW4	Treatment	26BW	1
26BW4-15	973	91	1156	950	1581	723	1585	379	1797	1743	628	244	0	0	34	0	0	11884	270	26BW4	Treatment	26BW	1
27BW4-1	1171	61	1217	1581	735	625	1366	673	2365	3313	90	42	0	0	210	0	0	13449	271	27BW4	Treatment	27BW	1
27BW4-2	1839	147	1201	2086	1509	623	2838	286	4331	6142	67	0	6	15	10	69	0	21169	272	27BW4	Treatment	27BW	1
27BW4-3	0	65	3602	2171	454	95	1571	304	1888	2845	1716	70	4	0	155	2725	0	14940	273	27BW4	Treatment	27BW	1
27BW4-4	361	179	1864	1222	1306	459	1426	108	1134	2111	485	0	7	0	13	824	0	10806	274	27BW4	Treatment	27BW	1
27BW4-5	511	238	1036	2213	3072	230	1201	2498	3149	1301	16	0	0	0	27	44	0	15492	275	27BW4	Treatment	27BW	1
27BW4-6	0	3	1772	3547	42	2076	2102	23	3643	3065	16	11	4	8	328	1110	0	16640	276	27BW4	Treatment	27BW	1
27BW4-7	0	238	3073	2427	3733	662	2406	500	91	3370	4125	0	15	146	167	1442	0	20953	277	27BW4	Treatment	27BW	1
27BW4-8	2005	100	3141	3805	254	1608	2312	3595	4462	2914	16	0	0	19	12	138	0	24243	278	27BW4	Treatment	27BW	1
27BW4-9	783	164	1531	874	273	217	398	1141	510	780	862	0	0	7	359	239	0	7899	279	27BW4	Treatment	27BW	1
27BW4-10	762	182	1038	817	1149	1157	1067	201	3238	4201	7	22	5	0	8	301	0	14155	280	27BW4	Treatment	27BW	1
27BW4-11	1637	242	1199	3322	1114	756	3425	329	3348	2373	12	9	11	0	12	100	0	17789	281	27BW4	Treatment	27BW	1
27BW4-12	0	82	635	1103	820	1002	1383	347	2956	2772	7	0	30	0	23	537	0	11367	282	27BW4	Treatment	27BW	1
27BW4-13	1167	0	760	3252	1263	947	1708	402	1084	2856	1225	23	0	0	9	410	0	14696	283	27BW4	Treatment	27BW	1
27BW4-14	580	153	1165	2653	536	1194	1818	550	1520	3728	719	5	51	0	569	374	0	15241	284	27BW4	Treatment	27BW	1
27BW4-15	1687	160	1150	1515	333	628	2263	430	2976	4989	9	0	0	0	0	147	0	16203	285	27BW4	Treatment	27BW	1
28BW4-1	284	50	278	904	868	266	727	514	1148	6980	0	42	122	0	0	238	0	12183	286	27BW4	Treatment	28BW	1
28BW4-2	0	67	2224	1798	313	1722	701	704	3737	2039	653	7	0	0	311	1120	0	14382	287	28BW4	Treatment	28BW	1
28BW4-3	105	45	54	664	256	5122	1232	605	703	308	645	0	19	0	4853	273	0	14611	288	28BW4	Treatment	28BW	1
28BW4-4	368	77	1116	1722	197	1970	1197	416	4520	1945	0	87	4	0	129	168	0	13748	289	28BW4	Treatment	28BW	1
28BW4-5	307	80	1261	2634	960	1676	1610	1470	1945	608	1849	258	0	0	41	126	0	14699	290	28BW4	Treatment	28BW	1
28BW4-6	613	137	2269	1037	111	3351	2044	360	2000	2820	195	0	24	0	115	239	0	15076	291	28BW4	Treatment	28BW	1
28BW4-7	81	45	173	2023	279	163	1036	930	1496	7699	264	0	3	0	11	86	0	14203	292	28BW4	Treatment	28BW	1
28BW4-8	188	34	84	1326	578	328	617	624	2665	6483	0	27	0	0	161	0	0	13115	293	28BW4	Treatment	28BW	1
28BW4-9	848	193	879	631	388	4252	1471	660	1355	522	567	4	0	0	0	0	0	11770	294	28BW4	Treatment	28BW	1
28BW4-10	143	170	651	1379	1486	3349	1270	187	1273	1431	531	0	0	0	610	426	0	12480	295	28BW4	Treatment	28BW	1
28BW4-11	496	143	853	1040	228	3001	832	581	3293	1760	18	0	0	0	5	247	0	12250	296	28BW4	Treatment	28BW	1
28BW4-12	556	140	701	1069	881	321	1617	219	2408	2932	0	0	2	0	302	1154	0	11662	297	28BW4	Treatment	28BW	1
28BW4-13	463	103	252	725	483	7157	1576	319	1714	2225	457	0	5	0	0	455	0	15546	298	28BW4	Treatment	28BW	1
28BW4-14	993	135	733	768	1064	786	1186	417	2890	3906	566	0	0	0	0	166	0	13529	299	28BW4	Treatment	28BW	1
28BW4-15	108	91	291	2791	613	564	1290	195	4497	4109	0	15	0	0	161	548	0	15046	300	28BW4	Treatment	28BW	1
1SE6-1	167	162	2608	548	824	819	1281	452	828	597	762	0	0	0	0	781	0	9048	301	1SE6	Control	1SE	3
1SE6-2	406	118	480	270	1220	338	1685	343	680	5711	7	0	57	0	102	105	0	11417	302	1SE6	Control	1SE	3
1SE6-3	0	105	1188	2664	1038	268	842	3304	3631	21	9	8	0	0	6	637	0	13084	303	1SE6	Control	1SE	3
1SE6-4	293	154	228	1854	109	410	1911	2517	1382	4734	1080	9	8	0	0	326	0	14689	304	1SE6	Control	1SE	3
1SE6-5	397	105	1484	382	1336	341	1630	4340	857	171	0	0	17	8	1020	311	0	12088	305	1SE6	Control	1SE	3
1SE6-6	122	56	84	729	2797	318	1409	1291	1236	2591	0	0	0	0	8	514	0	10916	306	1SE6	Control	1SE	3
1SE6-7	386	6	106	638	2127	180	2076	1183	1399	3901	19	337	0	0	50	164	0	12408	307	1SE6	Control	1SE	3
1SE6-8	70	0	172	1132	1432	633	841	2517	534	2069	1238	14	19	0	226	708	0	10897	308	1SE6	Control	1SE	3
1SE6-9	301	51	541	1434	1511	546	975	2735	2070	390	0	0	3	0	4	150	0	10561	309	1SE6	Control	1SE	3
1SE6-10	353	48	231	1372	2417	565	1077	67	2419	337	19	16	10	34	268	160	0	9233	310	1SE6	Control	1SE	3
1SE6-11	787	167	205	532	2572	1973	1425	1328	2867	22	0	0	66	0	332	789	0	12276	311	1SE6	Control	1SE	3
1SE6-12	347	54	521	1423	779	681	152	2643	2692	1116	25	0	0	0	24	0	0	10457	312	1SE6	Control	1SE	3
1SE6-13	342	10	186	1082	2957	486	836	245	3760	2133	11	5	26	0	12	207	0	12091	313	1SE6	Control	1SE	3
1SE6-14	328	190	1132	1896	847	228	443	14	2308	1489	750	0	0	0	68	249	0	9768	314	1SE6	Control	1SE	3
1SE6-15	67	0	495	2556	144	17	40	3285	1384	1088	763	2	0	0	100	76	0	9941	315	1SE6	Control	1SE	3
4SE6-1	89	19	502	774	1281	64	1102	872	229	2506	1898	4	0	0	13	309	0	9353	316	4SE6	Control	4SE	3
4SE6-2	149	21	212	608	1985	260	2067	1055	1720	6705	6	10	8	0	476	440	0	15282	317	4SE6	Control	4SE	3
4SE6-3	339	87	936	714	36	1114	1130	1500	97	5500	871	718	0	0	169	281	0	13252	318	4SE6	Control	4SE	3
4SE6-4	3530	103	1499	1014	1938	0	1596	3046	3276	1061	53	0	35	34	0	352	0	17254	319	4SE6	Control	4SE	3
4SE6-5	730	99	513	157	1789	1769	2582	116	3367	1219	11	0	14	31	509	407	0	12906	320	4SE6	Control	4SE	3
4SE6-6	800	0	507	3664	1541	122	1083	8134	2670	232	0	61	0	0	4	300	0	18818	321	4SE6	Control	4SE	3
4SE6-7	126	3	1577	1842	0	351	1015	1327	55	5741	1997	358	0	0	5	152	0	14397	322	4SE6	Control	4SE	3
4SE6-8	0	45	1474	2397	172	99	568	198	202	3634	80	592	0	0	24	724	0	9538	323	4SE6	Control	4SE	3
4SE6-9	153	85	160	891	698	2028	1084	1823	1420	1555	0	5	0	3	3	253	0	9908	324	4SE6	Control	4SE	3
4SE6-10	369	291	2361	243	1355	198	2413	185	570	1357	0	523	0	0	0	1180	0	9865	325	4SE6	Control	4SE	3
4SE6-11	0	58	189	1092	2160	370	507	273	868	5734	325	9	0	14	171	1005	0	11770	326	4SE6	Control	4SE	3
4SE6-12	238	53	164	1490	409	787	1359	2033	2337	3186	0	0	4	21	19	156	0	12100	327	4SE6	Control	4SE	3
4SE6-13	169	87	335	596	722	194	668	2791	2999	5149	175	58	0	0	9	260	0	14164	328	4SE6	Control	4SE	3
4SE6-14	597	100	576	633	2291	1144	1784	4062	887	652	83	0	7	0	0	726	0	12995	329	4SE6	Control	4SE	3
4SE6-15	231	109	382	705	478	775	1598	2461	149	28	981	306	6	0	187	240	0	8396	330	4SE6	Control	4SE	3
5SE6-1	686	93	825	794	1538	298	1602	2534	1766	610	10	0	0	0	30	186	0	10786	331	5SE6	Control	5SE	3
5SE6-2	0	208	479	423	937	1256	2500	59	101	4488	231	12	10	12	365	891	0	11081	332	5SE6	Control	5SE	3
5SE6-3	76	73	176	982	1802	440	1878	1193	2226	73	0	159	47	0	547	738	0	9672	333	5SE6	Control	5SE	3
5SE6-4	266	81	940	1054	629	636	1248	2444	1417	46	102	0	0	0	15	508	0	9039	334	5SE6	Control	5SE	3
5SE6-5	163	132	580	416	907	480	2029	1317	1063	8891	0	0	0	0	32	236	0	16010	335	5SE6	Control	5SE	3
5SE6-6	307	63	235	320	1115	98	1762	1145	1476	4840	214	0	3	0	121	403	0	11975	336	5SE6	Control	5SE	3
5SE6-7	0	274	363	603	2277	2940	5293	1416	4511	2222	6	136	39	27	0	2070	0	20259	337	5SE6	Control	5SE	3
5SE6-8	554	105	31	270	2575	202	1715	256	196	4196	574	0	7	9	54	0	0	10744	338	5SE6	Control	5SE	3
5SE6-9	91	66	462	433	1743	477	2199	9	1005	3053	0	0	0	7	205	563	0	9750	339	5SE6	Control	5SE	3
5SE6-10	231	83	165	711	957	198	940	3891	406	3127	0	0	0	0	9	48	0	10718	340	5SE6	Control	5SE	3
5SE6-11	36	127	0	350	1175	2644	389	941	1008	866	0	312	0	0	3	337	0	8188	341	5SE6	Control	5SE	3
5SE6-12	1509	0	1482	909	1420	1852	3138	3752	202	233	589	120	0	0	9	797	0	15792	342	5SE6	Control	5SE	3
5SE6-13	882	160	500	1065	1485	3513	1863	212	2858	1038	0	102	12	0	2	323	0	13871	343	5SE6	Control	5SE	3
5SE6-14	420	40	503	1324	2147	231	1245	2791	397	3254	411	0	14	6	2	299	0	13084	344	5SE6	Control	5SE	3
5SE6-15	0	396	801	340	2410	146	706	12	3166	1323	0	0	0	0	369	633	0	9669	345	5SE6	Control	5SE	3
8SE6-1	326	89	132	719	976	132	1139	1349	966	3563	23	0	0	0	130	308	0	9544	346	8SE6	Control	8SE	3
8SE6-2	204	129	261	855	2217	316	1461	2252	643	4877	121	0	6	0	8	1106	0	13944	347	8SE6	Control	8SE	3
8SE6-3	213	54	437	2854	861	466	1989	1584	1537	3690	7	154	0	12	1206	67	0	15064	348	8SE6	Control	8SE	3
8SE6-4	157	70	359	2599	1190	649	1799	779	276	4369	815	0	104	8	0	105	0	13174	349	8SE6	Control	8SE	3
8SE6-5	336	63	270	472	3644	206	1371	3195	1102	2607	15	5	17	0	269	645	0	13806	350	8SE6	Control	8SE	3
8SE6-6	0	220	280	4158	4645	24	31	5162	1883	51	898	9	8	54	3	435	0	17426	351	8SE6	Control	8SE	3
8SE6-7	1030	135	259	825	2960	179	3002	131	1107	5174	1258	8	0	0	600	1456	0	17878	352	8SE6	Control	8SE	3
8SE6-8	183	222	695	1982	652	890	1567	2046	2324	1890	579	341	0	8	6	592	0	13492	353	8SE6	Control	8SE	3
8SE6-9	318	162	536	641	3633	619	2328	175	1341	4386	119	0	0	0	84	417	0	14342	354	8SE6	Control	8SE	3
8SE6-10	278	126	603	877	1674	458	2161	2543	837	6733	152	17	14	16	101	385	0	16689	355	8SE6	Control	8SE	3
8SE6-11	512	51	209	2607	4453	315	1447	796	2288	4304	444	11	0	0	375	247	0	17812	356	8SE6	Control	8SE	3
8SE6-12	817	434	1207	2170	3008	575	3499	152	2790	5222	13	0	3	0	14	241	0	19904	357	8SE6	Control	8SE	3
8SE6-13	224	85	236	2216	2874	59	1847	2652	1757	1744	39	4	7	0	47	226	0	13791	358	8SE6	Control	8SE	3
8SE6-14	576	286	1602	2919	1581	971	1874	2039	3011	3180	18	290	0	0	9	195	0	18432	359	8SE6	Control	8SE	3
8SE6-15	307	142	156	325	3517	410	2045	381	1496	4927	642	0	15	15	14	1912	0	15599	360	8SE6	Control	8SE	3
30BW6-1	808	181	350	407	1084	83	1015	2684	1617	148	500	12	0	65	12	890	0	8966	361	30BW6	Control	30BW	3
30BW6-2	1570	70	1056	1020	1134	71	931	319	1374	385	147	0	29	15	2115	589	0	10727	362	30BW6	Control	30BW	3
30BW6-3	2336	20	579	538	1621	102	1931	1671	2241	2394	183	0	13	33	88	561	0	13750	363	30BW6	Control	30BW	3
30BW6-4	1343	82	46	2068	1102	0	790	1392	3106	17	95	9	45	30	4	426	0	10129	364	30BW6	Control	30BW	3
30BW6-5	869	127	1111	2079	1115	87	972	473	2584	1037	426	13	64	18	352	499	0	11739	365	30BW6	Control	30BW	3
30BW6-6	0	93	363	813	2662	114	1089	747	2251	680	85	0	101	194	56	1148	0	9328	366	30BW6	Control	30BW	3
30BW6-7	2375	439	60	1711	96	35	2712	3505	83	21	1459	101	54	95	437	243	0	13183	367	30BW6	Control	30BW	3
30BW6-8	504	56	68	433	5144	548	1095	122	2415	1436	122	7	14	103	14	549	0	12081	368	30BW6	Control	30BW	3
30BW6-9	771	25	0	1819	1573	636	504	1016	1984	927	0	5	24	146	0	324	0	9754	369	30BW6	Control	30BW	3
30BW6-10	1141	139	694	327	2100	85	556	196	2517	1319	0	0	51	48	24	619	0	9816	370	30BW6	Control	30BW	3
30BW6-11	1057	113	954	1246	861	204	1172	3253	2116	875	0	31	20	9	9	47	0	11920	371	30BW6	Control	30BW	3
30BW6-12	1142	0	928	912	1607	436	1614	3221	1912	57	696	2	146	18	0	0	0	12691	372	30BW6	Control	30BW	3
30BW6-13	810	106	1021	1053	1474	384	1068	622	124	813	660	0	21	309	0	68	0	8465	373	30BW6	Control	30BW	3
30BW6-14	1905	132	188	1584	388	1566	1389	787	6147	1578	0	183	18	31	15	0	0	15911	374	30BW6	Control	30BW	3
30BW6-15	661	25	275	1685	3452	899	1100	2844	1366	11	375	0	35	25	249	0	0	13002	375	30BW6	Control	30BW	3
9SE6-1	1173	133	321	1004	1245	2935	17	215	6289	0	0	0	0	0	3	0	0	13335	376	9SE6	Treatment	9SE	3
9SE6-2	827	84	1332	180	2801	482	757	8	1217	1046	2251	0	20	0	152	531	0	11393	377	9SE6	Treatment	9SE	3
9SE6-3	654	173	323	673	2842	59	1720	75	2729	2265	204	0	0	3	1672	726	0	13907	378	9SE6	Treatment	9SE	3
9SE6-4	0	0	5713	414	31	2152	1648	21	261	1107	1441	0	30	12	772	1872	0	13602	379	9SE6	Treatment	9SE	3
9SE6-5	689	50	1934	2198	1566	267	1263	81	4255	220	18	0	20	15	1755	734	0	14331	380	9SE6	Treatment	9SE	3
9SE6-6	887	19	482	1460	2989	30	977	13	4014	2749	317	0	19	14	480	360	0	14450	381	9SE6	Treatment	9SE	3
9SE6-7	379	127	847	2692	1360	572	42	7	5288	807	0	0	9	9	2198	1612	0	14337	382	9SE6	Treatment	9SE	3
9SE6-8	1028	66	2189	13	14	3634	897	0	22	3200	8	0	8	6	1111	922	0	12196	383	9SE6	Treatment	9SE	3
9SE6-9	263	0	0	2612	1496	295	642	115	2097	3077	635	0	12	10	247	181	0	11501	384	9SE6	Treatment	9SE	3
9SE6-10	1067	41	197	2116	252	731	1071	0	3044	1327	254	0	2	0	162	2499	0	12763	385	9SE6	Treatment	9SE	3
9SE6-11	1097	0	1601	444	2344	1269	8	14	3589	414	448	0	0	0	13	381	0	11241	386	9SE6	Treatment	9SE	3
9SE6-12	342	29	271	1594	1197	535	1560	64	1925	2760	139	0	6	0	3	270	0	10512	387	9SE6	Treatment	9SE	3
9SE6-13	1802	174	1619	1864	4057	289	1867	411	3288	899	702	8	82	32	736	235	0	17830	388	9SE6	Treatment	9SE	3
9SE6-14	2277	119	1380	1573	3505	270	1951	332	3818	2287	0	4	42	19	14	369	0	17591	389	9SE6	Treatment	9SE	3
9SE6-15	708	0	377	2256	398	1370	16	1991	3974	14	0	0	0	0	116	861	0	11356	390	9SE6	Treatment	9SE	3
10SE6-1	513	250	779	2272	907	1849	1271	179	2969	618	30	3	26	15	847	838	0	12528	391	10SE6	Treatment	10SE	3
10SE6-2	1735	122	647	1014	2839	979	953	4	1798	2794	327	0	12	29	320	406	0	13772	392	10SE6	Treatment	10SE	3
10SE6-3	575	15	466	3627	749	1233	314	63	193	329	4497	8	7	24	98	402	0	12440	393	10SE6	Treatment	10SE	3
10SE6-4	133	109	638	1124	2623	311	889	159	1775	371	298	0	85	23	449	881	0	8987	394	10SE6	Treatment	10SE	3
10SE6-5	95	249	476	5643	1570	41	440	111	2195	983	1956	9	5	14	4	111	0	13791	395	10SE6	Treatment	10SE	3
10SE6-6	969	58	1723	358	3496	280	570	230	2929	1748	0	8	22	18	678	239	0	13087	396	10SE6	Treatment	10SE	3
10SE6-7	138	129	425	2176	1577	388	901	906	2674	2666	9	0	0	0	21	409	0	12010	397	10SE6	Treatment	10SE	3
10SE6-8	0	143	768	699	1355	475	273	0	1881	1725	167	17	12	15	59	1579	0	8448	398	10SE6	Treatment	10SE	3
10SE6-9	206	52	623	676	1100	786	553	12	4838	527	0	0	7	5	0	1082	0	9513	399	10SE6	Treatment	10SE	3
10SE6-10	650	137	750	1961	736	396	439	312	531	1751	2243	26	15	14	38	289	0	9999	400	10SE6	Treatment	10SE	3
10SE6-11	0	0	567	819	1298	244	901	192	918	1206	1215	0	0	8	0	1502	0	7724	401	10SE6	Treatment	10SE	3
10SE6-12	337	25	161	2459	884	459	70	661	1635	2784	1759	99	61	21	15	541	0	11430	402	10SE6	Treatment	10SE	3
10SE6-13	205	64	609	2131	968	142	911	502	2401	1061	359	40	7	0	11	913	0	9411	403	10SE6	Treatment	10SE	3
10SE6-14	1154	0	752	857	1645	230	330	117	1249	1459	1018	17	7	3	0	453	0	9291	404	10SE6	Treatment	10SE	3
10SE6-15	489	135	579	383	876	24	455	89	1454	560	17	0	17	0	3256	191	0	8334	405	10SE6	Treatment	10SE	3
26BW6-1	845	143	1225	1334	1928	769	1756	334	2345	3305	12	6	518	67	8	493	0	14931	406	26BW6	Treatment	26BW	3
26BW6-2	414	119	1094	2360	1282	347	823	139	3165	1718	69	22	101	170	113	425	0	12095	407	26BW6	Treatment	26BW	3
26BW6-3	140	151	336	2213	981	666	772	548	3356	2564	8	3	467	111	17	1808	0	12333	408	26BW6	Treatment	26BW	3
26BW6-4	0	78	297	1277	1906	158	1246	72	2113	1228	60	0	141	235	8	776	0	8819	409	26BW6	Treatment	26BW	3
26BW6-5	984	192	929	2311	2102	281	772	254	3816	2239	908	85	139	91	128	1040	0	15312	410	26BW6	Treatment	26BW	3
26BW6-6	1161	107	2060	317	1002	92	1074	104	750	1208	653	0	142	0	16	219	0	8799	411	26BW6	Treatment	26BW	3
26BW6-7	257	198	1022	1576	1067	223	706	592	2290	1393	758	0	45	62	5	304	0	10412	412	26BW6	Treatment	26BW	3
26BW6-8	1349	46	164	1653	1352	534	837	83	1082	2219	1246	176	166	61	2382	298	0	13593	413	26BW6	Treatment	26BW	3
26BW6-9	1063	113	849	1900	1434	304	526	161	2450	170	21	0	107	513	126	1255	0	9830	414	26BW6	Treatment	26BW	3
26BW6-10	1904	132	3086	1404	1210	490	1204	18	1602	1085	511	27	34	79	0	410	0	12959	415	26BW6	Treatment	26BW	3
26BW6-11	1753	133	1560	1627	1390	780	1037	206	2617	1525	346	0	38	17	2266	62	0	15295	416	26BW6	Treatment	26BW	3
26BW6-12	441	85	776	1037	1415	405	1729	122	1513	2637	0	0	558	167	201	146	0	11086	417	26BW6	Treatment	26BW	3
26BW6-13	344	54	835	823	1492	1052	1303	10	2692	1156	0	20	10	19	36	1007	0	9846	418	26BW6	Treatment	26BW	3
26BW6-14	997	147	1684	2489	915	851	1376	744	2426	595	1354	0	212	152	0	381	0	13998	419	26BW6	Treatment	26BW	3
26BW6-15	772	188	582	1723	1845	735	2261	260	2612	2124	8	46	100	230	1957	844	0	15443	420	26BW6	Treatment	26BW	3
27BW6-1	871	218	2438	2631	2542	228	1977	420	4703	2457	0	3	109	7	903	684	0	19507	421	27BW6	Treatment	27BW	3
27BW6-2	0	161	1345	1576	2176	982	1016	138	2201	1551	1522	0	27	51	19	1945	0	12765	422	27BW6	Treatment	27BW	3
27BW6-3	1593	74	1673	989	3515	274	1143	388	4012	1512	14	0	40	25	20	684	0	15956	423	27BW6	Treatment	27BW	3
27BW6-4	314	63	1404	1834	2071	384	1098	263	2762	1277	387	0	260	28	811	177	0	13007	424	27BW6	Treatment	27BW	3
27BW6-5	1307	80	953	2165	2301	682	1616	332	3249	279	14	9	95	161	245	919	0	13914	425	27BW6	Treatment	27BW	3
27BW6-6	665	27	2161	2399	1386	1005	914	118	3650	983	18	9	38	57	8	52	0	13438	426	27BW6	Treatment	27BW	3
27BW6-7	2625	73	3959	597	3033	107	1370	21	834	3493	536	5	18	14	6	0	0	16691	427	27BW6	Treatment	27BW	3
27BW6-8	0	57	1522	715	1649	254	1017	387	1688	1207	1691	6	38	29	147	1604	0	10863	428	27BW6	Treatment	27BW	3
27BW6-9	82	161	2724	591	2401	92	2139	13	1420	1454	417	0	14	6	420	85	0	11934	429	27BW6	Treatment	27BW	3
27BW6-10	1152	63	2542	700	1342	1530	874	148	3282	1289	11	0	32	17	104	183	0	13086	430	27BW6	Treatment	27BW	3
27BW6-11	1471	26	209	3394	203	641	484	184	5248	2051	149	213	53	33	19	950	0	14378	431	27BW6	Treatment	27BW	3
27BW6-12	160	9	129	2536	310	93	81	628	748	440	4165	0	0	0	10	734	0	9309	432	27BW6	Treatment	27BW	3
27BW6-13	655	123	832	3907	1224	518	580	80	2041	1099	2822	15	16	44	6	508	0	14328	433	27BW6	Treatment	27BW	3
27BW6-14	988	52	2479	227	396	266	300	2967	2291	41	405	0	0	0	17	930	0	10429	434	27BW6	Treatment	27BW	3
27BW6-15	918	128	1562	2218	1191	244	1139	2566	2646	763	10	0	6	0	350	236	0	13741	435	27BW6	Treatment	27BW	3
28BW6-1	461	41	244	1276	933	219	720	323	2761	1200	367	0	394	112	2	0	0	9053	436	28BW6	Treatment	28BW	3
28BW6-2	238	62	526	1321	1047	760	736	79	1854	915	733	0	59	152	5	328	0	8487	437	28BW6	Treatment	28BW	3
28BW6-3	753	170	917	1787	775	149	952	202	2859	60	37	0	250	62	24	593	0	9206	438	28BW6	Treatment	28BW	3
28BW6-4	263	33	1274	1095	1801	373	378	182	3807	739	208	0	161	43	0	186	0	10415	439	28BW6	Treatment	28BW	3
28BW6-5	967	128	1057	333	997	268	2317	106	723	1358	426	293	26	29	0	493	0	9145	440	28BW6	Treatment	28BW	3
28BW6-6	287	49	833	1449	509	454	711	261	2858	348	51	0	95	0	25	315	0	7930	441	28BW6	Treatment	28BW	3
28BW6-7	203	0	17	1533	3335	179	251	316	2163	1299	424	0	403	79	5	185	0	10392	442	28BW6	Treatment	28BW	3
28BW6-8	162	110	752	3398	1282	108	1451	204	1274	1476	4681	7	279	127	0	148	0	15311	443	28BW6	Treatment	28BW	3
28BW6-9	319	55	457	1040	773	820	752	115	1481	469	0	0	24	47	40	263	0	6392	444	28BW6	Treatment	28BW	3
28BW6-10	605	161	131	971	625	701	506	56	2061	392	0	0	190	82	804	195	0	7285	445	28BW6	Treatment	28BW	3
28BW6-11	693	87	875	327	1706	413	1009	323	1033	903	841	0	213	46	6	743	0	8588	446	28BW6	Treatment	28BW	3
28BW6-12	268	0	1213	2737	126	560	394	586	2725	694	569	45	104	97	18	365	0	10223	447	28BW6	Treatment	28BW	3
28BW6-13	0	355	1396	13	2945	0	9	0	25	2459	0	0	17	0	255	0	0	7474	448	28BW6	Treatment	28BW	3
28BW6-14	1299	54	1110	946	2938	454	1445	460	2894	1821	448	0	127	17	5	102	0	14018	449	28BW6	Treatment	28BW	3
28BW6-15	1072	0	138	2110	2403	204	395	380	2318	371	1577	7	336	106	8	130	0	11425	450	28BW6	Treatment	28BW	3
1SE7-1	178	47	125	508	512	384	692	1556	1192	1115	0	8	0	0	10	103	0	6327	451	1SE7	Control	1SE	4
1SE7-2	0	11	62	1153	579	81	205	1103	1481	540	0	0	0	0	14	422	0	5411	452	1SE7	Control	1SE	4
1SE7-3	330	31	135	473	1153	142	765	177	501	2068	0	0	0	0	4	0	0	5779	453	1SE7	Control	1SE	4
1SE7-4	686	88	1276	165	521	326	1182	149	1088	2691	0	0	14	0	0	388	0	8327	454	1SE7	Control	1SE	4
1SE7-5	342	79	304	415	1555	127	906	1747	1068	373	9	0	0	0	52	400	0	7329	455	1SE7	Control	1SE	4
1SE7-6	97	21	74	475	225	70	488	189	205	1864	323	0	0	0	21	0	0	4052	456	1SE7	Control	1SE	4
1SE7-7	279	25	314	1079	801	70	449	1984	981	47	617	0	0	0	0	34	0	6646	457	1SE7	Control	1SE	4
1SE7-8	318	35	113	173	906	87	656	1763	956	1853	5	47	0	5	33	0	0	6950	458	1SE7	Control	1SE	4
1SE7-9	367	46	328	520	53	149	571	334	853	2849	0	0	0	0	0	0	0	6070	459	1SE7	Control	1SE	4
1SE7-10	204	41	257	749	426	246	429	1997	1182	424	357	0	0	0	0	276	0	6588	460	1SE7	Control	1SE	4
1SE7-11	220	21	276	445	672	131	569	269	1349	1188	108	0	0	0	0	249	0	5248	461	1SE7	Control	1SE	4
1SE7-12	125	24	232	244	797	170	784	262	437	996	253	0	0	0	6	209	0	4330	462	1SE7	Control	1SE	4
1SE7-13	213	90	275	132	1709	38	559	1593	268	82	0	13	2	0	20	0	0	4994	463	1SE7	Control	1SE	4
1SE7-14	84	23	108	224	834	16	368	686	847	209	0	0	0	0	43	60	0	3442	464	1SE7	Control	1SE	4
1SE7-15	185	46	66	210	1239	77	720	524	632	1677	36	12	0	0	4	387	0	5568	465	1SE7	Control	1SE	4
4SE7-1	40	30	380	686	177	105	434	905	177	1628	848	0	0	5	39	58	0	5454	466	4SE7	Control	4SE	4
4SE7-2	108	11	253	322	489	180	583	2452	565	2028	13	0	0	0	31	126	0	7035	467	4SE7	Control	4SE	4
4SE7-3	55	39	247	816	139	287	422	1679	495	1885	317	11	0	0	22	0	0	6414	468	4SE7	Control	4SE	4
4SE7-4	132	55	201	771	336	295	592	496	773	3314	805	0	0	0	16	0	0	7786	469	4SE7	Control	4SE	4
4SE7-5	198	34	238	817	361	80	355	1134	1453	159	10	37	0	0	101	191	0	5098	470	4SE7	Control	4SE	4
4SE7-6	57	0	710	652	980	187	463	1227	2275	30	19	432	0	0	7	155	0	7039	471	4SE7	Control	4SE	4
4SE7-7	160	50	264	483	581	215	665	166	2185	1301	11	0	4	8	3	499	0	6202	472	4SE7	Control	4SE	4
4SE7-8	0	21	45	245	255	49	567	1593	727	2218	391	2	0	0	9	269	0	6314	473	4SE7	Control	4SE	4
4SE7-9	111	28	98	686	866	126	655	550	1075	2703	14	0	0	0	0	131	0	6912	474	4SE7	Control	4SE	4
4SE7-10	388	74	691	941	862	223	811	564	1066	2092	1166	144	0	0	4	67	0	9026	475	4SE7	Control	4SE	4
4SE7-11	577	65	868	274	768	125	1181	150	451	2510	1864	9	0	0	96	0	0	8938	476	4SE7	Control	4SE	4
4SE7-12	277	30	391	93	654	170	553	635	324	411	1171	33	0	0	15	0	0	4757	477	4SE7	Control	4SE	4
4SE7-13	224	31	307	392	331	42	679	2778	747	741	1339	0	0	0	0	67	0	7611	478	4SE7	Control	4SE	4
4SE7-14	104	55	311	1159	109	845	646	2718	254	224	2148	61	0	0	0	190	0	8634	479	4SE7	Control	4SE	4
4SE7-15	94	38	1464	1593	329	85	645	2521	1214	80	15	57	0	0	4	347	0	8139	480	4SE7	Control	4SE	4
5SE7-1	90	41	294	490	947	250	981	383	1585	987	219	0	0	6	37	429	0	6461	481	5SE7	Control	5SE7	4
5SE7-2	89	44	93	1004	24	369	230	1392	1137	1755	367	0	0	0	35	314	0	6539	482	5SE7	Control	5SE7	4
5SE7-3	0	0	418	961	1387	247	679	157	1159	2127	71	0	7	0	586	458	0	7799	483	5SE7	Control	5SE7	4
5SE7-4	360	10	250	416	550	538	597	2115	258	37	28	15	2	0	0	263	0	5439	484	5SE7	Control	5SE7	4
5SE7-5	0	35	873	462	279	504	205	498	999	1309	94	0	0	0	30	204	0	5288	485	5SE7	Control	5SE7	4
5SE7-6	26	26	14	131	25	28	345	1786	464	2191	23	0	0	0	193	112	0	5252	486	5SE7	Control	5SE7	4
5SE7-7	38	57	162	397	2336	200	951	239	1720	2225	400	0	0	0	212	759	0	9080	487	5SE7	Control	5SE7	4
5SE7-8	202	36	74	667	162	141	406	1113	1273	844	687	134	0	0	19	72	0	5758	488	5SE7	Control	5SE7	4
5SE7-9	346	85	374	228	1247	679	780	67	565	1449	7	0	27	0	0	277	0	5854	489	5SE7	Control	5SE7	4
5SE7-10	744	107	18	1120	26	0	1228	1055	1676	1331	0	46	19	0	24	0	0	7394	490	5SE7	Control	5SE7	4
5SE7-11	75	55	134	338	656	244	601	147	1412	1224	414	7	5	0	81	279	0	5393	491	5SE7	Control	5SE7	4
5SE7-12	258	58	111	372	271	0	605	275	588	1188	0	46	0	0	101	311	0	3873	492	5SE7	Control	5SE7	4
5SE7-13	0	20	61	322	250	111	510	1197	403	2179	6	0	0	0	6	224	0	5065	493	5SE7	Control	5SE7	4
5SE7-14	480	24	704	1351	14	305	240	360	2941	155	0	0	0	0	0	0	0	6574	494	5SE7	Control	5SE7	4
5SE7-15	45	64	687	478	0	2332	1499	921	1260	1032	35	0	0	0	0	384	0	8353	495	5SE7	Control	5SE7	4
8SE7-1	355	74	438	796	1833	407	1623	2202	795	267	4	0	5	0	0	265	0	8799	496	8SE7	Control	8SE	4
8SE7-2	48	26	276	1622	294	617	602	2072	1119	22	1547	87	0	0	0	122	0	8332	497	8SE7	Control	8SE	4
8SE7-3	147	46	173	962	649	185	558	1480	1082	235	237	167	0	0	10	95	0	5931	498	8SE7	Control	8SE	4
8SE7-4	0	17	67	491	389	56	565	628	137	2874	77	0	0	0	0	450	0	5681	499	8SE7	Control	8SE	4
8SE7-5	419	27	351	1277	975	270	1119	382	1499	2606	0	4	0	0	0	0	0	8929	500	8SE7	Control	8SE	4
8SE7-6	106	52	107	276	850	102	469	710	1233	2821	322	48	0	0	181	65	0	7277	501	8SE7	Control	8SE	4
8SE7-7	112	34	0	294	1409	94	813	174	1334	1902	0	3	0	0	41	571	0	6463	502	8SE7	Control	8SE	4
8SE7-8	106	45	404	816	273	502	220	225	847	1582	1039	0	4	0	26	287	0	6167	503	8SE7	Control	8SE	4
8SE7-9	213	59	121	384	1305	130	668	296	857	2683	158	19	0	0	15	93	0	6908	504	8SE7	Control	8SE	4
8SE7-10	158	77	261	528	1803	80	932	3109	919	411	153	0	0	0	10	433	0	8624	505	8SE7	Control	8SE	4
8SE7-11	162	62	146	504	589	242	865	254	543	4041	1562	0	4	0	8	0	0	8982	506	8SE7	Control	8SE	4
8SE7-12	83	35	77	264	596	33	1233	564	633	1441	45	0	0	0	23	789	0	5405	507	8SE7	Control	8SE	4
8SE7-13	46	43	217	218	216	173	298	2746	41	2102	637	0	0	0	0	251	0	6921	508	8SE7	Control	8SE	4
8SE7-14	154	38	100	187	925	57	560	582	862	2384	421	73	0	0	8	254	0	6467	509	8SE7	Control	8SE	4
8SE7-15	385	41	166	206	1843	63	1151	403	33	2291	410	0	2	3	47	0	0	7044	510	8SE7	Control	8SE	4
30BW7-1	472	41	969	1852	1787	92	661	1429	2998	1910	0	13	0	0	30	319	0	12372	511	30BW7	Control	30BW	4
30BW7-2	0	114	1172	426	955	38	493	1032	1013	1278	2906	0	0	0	8	2038	0	9435	512	30BW7	Control	30BW	4
30BW7-3	679	16	441	1036	30	979	930	973	3362	60	65	14	0	0	23	773	0	8608	513	30BW7	Control	30BW	4
30BW7-4	271	0	247	4937	0	0	0	1951	27	18	4223	0	0	0	4	0	0	11678	514	30BW7	Control	30BW	4
30BW7-5	1458	147	253	396	505	687	1172	1897	1115	1942	1454	34	0	0	267	0	0	11327	515	30BW7	Control	30BW	4
30BW7-6	1309	55	346	313	1502	29	1215	1470	1199	2488	1630	6	0	67	0	115	0	11629	516	30BW7	Control	30BW	4
30BW7-7	895	32	554	1486	1209	112	1076	670	2563	1481	209	35	0	0	540	0	0	10862	517	30BW7	Control	30BW	4
30BW7-8	160	15	110	1081	670	62	590	2275	1704	851	126	0	0	0	0	0	0	7644	518	30BW7	Control	30BW	4
30BW7-9	0	64	645	523	1635	743	1208	728	2871	2706	7	192	30	15	689	1634	0	12056	519	30BW7	Control	30BW	4
30BW7-10	1034	145	829	2290	164	829	1356	5338	4446	94	14	60	0	0	89	323	0	16688	520	30BW7	Control	30BW	4
30BW7-11	1290	177	335	562	1499	404	1782	582	1237	3239	92	6	6	5	342	959	0	11558	521	30BW7	Control	30BW	4
30BW7-12	877	64	914	1069	1771	127	1154	765	1455	2612	1971	0	53	20	0	199	0	12852	522	30BW7	Control	30BW	4
30BW7-13	1091	99	429	2552	1424	96	1125	4106	3492	2128	24	25	0	0	0	513	0	16591	523	30BW7	Control	30BW	4
30BW7-14	888	20	597	1141	2280	73	908	243	3611	2020	14	0	0	0	228	109	0	12023	524	30BW7	Control	30BW	4
30BW7-15	495	36	116	3366	47	117	433	1101	1282	1865	1189	8	0	0	123	389	0	10178	525	30BW7	Control	30BW	4
9SE7-1	277	65	944	499	224	550	810	369	772	1392	768	0	0	0	363	293	0	7033	526	9SE7	Treatment	9SE	4
9SE7-2	586	50	154	238	563	100	768	9	662	1728	236	0	15	6	32	2171	0	6719	527	9SE7	Treatment	9SE	4
9SE7-3	229	59	396	747	950	49	587	0	794	808	463	0	5	0	33	371	0	5363	528	9SE7	Treatment	9SE	4
9SE7-4	113	0	397	1469	1221	44	486	215	1321	390	1008	25	0	0	54	0	0	6743	529	9SE7	Treatment	9SE	4
9SE7-5	802	43	35	294	916	83	577	126	1339	1354	844	2	8	0	38	749	0	7210	530	9SE7	Treatment	9SE	4
9SE7-6	200	25	471	315	1004	249	259	7	1057	863	7	0	0	0	8	320	0	4785	531	9SE7	Treatment	9SE	4
9SE7-7	585	23	610	370	1412	82	647	60	1175	1778	10	0	0	0	5	500	0	7186	532	9SE7	Treatment	9SE	4
9SE7-8	69	51	426	1235	94	876	203	122	2216	968	0	50	0	0	244	300	0	6554	533	9SE7	Treatment	9SE	4
9SE7-9	434	22	253	403	1036	115	482	66	864	751	412	0	0	0	129	114	0	4967	534	9SE7	Treatment	9SE	4
9SE7-10	451	64	0	784	1321	192	610	4	2039	2457	0	0	0	0	0	248	0	7922	535	9SE7	Treatment	9SE	4
9SE7-11	256	38	170	721	901	208	277	134	1460	1737	263	0	0	0	75	604	0	6708	536	9SE7	Treatment	9SE	4
9SE7-12	694	49	331	521	1093	60	1054	195	825	1625	1265	0	7	0	23	67	0	7742	537	9SE7	Treatment	9SE	4
9SE7-13	314	113	132	991	1102	239	497	472	2003	727	723	224	0	0	11	1239	0	8388	538	9SE7	Treatment	9SE	4
9SE7-14	142	56	210	493	857	146	617	0	489	1313	434	0	12	0	42	392	0	5076	539	9SE7	Treatment	9SE	4
9SE7-15	137	45	14	1100	1234	0	511	69	1952	570	618	0	0	0	13	228	0	6263	540	9SE7	Treatment	9SE	4
10SE7-1	49	35	271	1673	23	406	267	184	3162	774	7	6	0	0	0	101	0	6857	541	10SE7	Treatment	10SE	4
10SE7-2	0	9	300	1079	125	591	298	104	1618	2100	13	166	0	0	62	295	0	6586	542	10SE7	Treatment	10SE	4
10SE7-3	612	153	210	695	26	1428	184	17	1441	920	1249	29	0	0	20	620	0	6984	543	10SE7	Treatment	10SE	4
10SE7-4	217	65	47	1391	534	44	87	204	2176	489	10	17	0	0	5	294	0	5580	544	10SE7	Treatment	10SE	4
10SE7-5	269	26	577	33	414	446	88	71	373	1064	1307	0	0	0	15	345	0	4886	545	10SE7	Treatment	10SE	4
10SE7-6	160	44	427	1422	640	164	385	184	2158	318	466	5	0	0	124	135	0	6497	546	10SE7	Treatment	10SE	4
10SE7-7	104	32	126	1387	710	206	100	108	1929	1600	515	48	17	0	4	0	0	6886	547	10SE7	Treatment	10SE	4
10SE7-8	316	56	861	489	2321	209	229	52	2106	945	69	0	23	0	9	304	0	7685	548	10SE7	Treatment	10SE	4
10SE7-9	429	35	0	940	1034	581	223	8	2343	1415	0	0	0	0	0	0	0	7008	549	10SE7	Treatment	10SE	4
10SE7-10	0	18	551	168	1434	255	216	188	404	1659	960	48	0	0	72	215	0	5973	550	10SE7	Treatment	10SE	4
10SE7-11	243	22	81	764	747	0	263	442	1220	864	815	110	0	0	477	0	0	6048	551	10SE7	Treatment	10SE	4
10SE7-12	434	59	430	877	175	215	518	378	1576	933	1270	57	0	0	0	544	0	6922	552	10SE7	Treatment	10SE	4
10SE7-13	60	15	190	766	890	188	263	100	1102	685	165	0	0	0	0	299	0	4424	553	10SE7	Treatment	10SE	4
10SE7-14	294	24	85	688	1453	0	584	204	1081	469	332	8	0	0	44	254	0	5388	554	10SE7	Treatment	10SE	4
10SE7-15	574	101	0	1690	19	20	678	355	3399	1639	34	126	0	0	25	445	0	8660	555	10SE7	Treatment	10SE	4
26BW7-1	318	19	302	602	507	128	207	256	2002	348	0	0	5	0	0	107	0	4694	556	26BW7	Treatment	26BW	4
26BW7-2	116	61	466	163	876	1041	667	288	1240	2000	1076	0	24	0	59	252	0	8077	557	26BW7	Treatment	26BW	4
26BW7-3	0	29	111	409	825	113	385	247	1579	1540	336	279	0	0	8	175	0	5861	558	26BW7	Treatment	26BW	4
26BW7-4	133	53	276	655	781	290	366	157	1937	934	7	0	16	0	45	159	0	5650	559	26BW7	Treatment	26BW	4
26BW7-5	294	35	811	46	1214	30	159	84	1510	1077	9	0	33	0	13	607	0	5922	560	26BW7	Treatment	26BW	4
26BW7-6	227	10	330	476	701	31	491	157	1641	709	0	0	0	0	14	393	0	4875	561	26BW7	Treatment	26BW	4
26BW7-7	226	34	358	587	544	113	617	60	742	2241	5	22	78	0	29	0	0	5656	562	26BW7	Treatment	26BW	4
26BW7-8	0	49	407	394	818	156	737	130	743	1062	830	20	10	0	39	216	0	5395	563	26BW7	Treatment	26BW	4
26BW7-9	665	39	878	545	1411	142	813	104	1630	1211	0	135	36	0	0	157	0	7609	564	26BW7	Treatment	26BW	4
26BW7-10	132	44	555	1336	504	41	531	473	1861	740	9	0	8	0	0	378	0	6312	565	26BW7	Treatment	26BW	4
26BW7-11	105	70	705	691	588	150	715	222	2824	1963	14	0	9	0	9	784	0	8613	566	26BW7	Treatment	26BW	4
26BW7-12	249	20	213	1239	558	48	457	318	1382	1106	525	5	6	0	0	0	0	6126	567	26BW7	Treatment	26BW	4
26BW7-13	165	32	744	955	623	198	793	180	19	1704	1265	142	24	0	0	85	0	6844	568	26BW7	Treatment	26BW	4
26BW7-14	500	43	469	573	766	269	430	64	1235	1490	101	0	2	0	0	0	0	5942	569	26BW7	Treatment	26BW	4
26BW7-15	178	22	174	652	316	20	249	91	662	751	903	2	2	0	3	63	0	4088	570	26BW7	Treatment	26BW	4
27BW7-1	830	77	320	340	581	80	951	391	1016	960	1205	2	0	0	56	275	0	6809	571	27BW7	Treatment	27BW	4
27BW7-2	345	61	468	1254	603	212	351	527	1038	590	760	0	0	0	0	139	0	6348	572	27BW7	Treatment	27BW	4
27BW7-3	120	21	506	28	1085	69	171	187	573	845	973	0	0	0	19	99	0	4597	573	27BW7	Treatment	27BW	4
27BW7-4	712	132	266	416	382	157	991	69	657	2363	231	26	5	0	0	328	0	6407	574	27BW7	Treatment	27BW	4
27BW7-5	262	22	140	746	1169	29	478	179	966	1210	180	0	10	0	37	261	0	5428	575	27BW7	Treatment	27BW	4
27BW7-6	70	62	258	1087	639	856	763	197	1588	1403	33	334	0	0	0	69	0	7290	576	27BW7	Treatment	27BW	4
27BW7-7	501	6	108	1076	769	488	338	210	1682	539	701	11	7	0	17	0	0	6453	577	27BW7	Treatment	27BW	4
27BW7-8	94	23	562	1176	880	265	327	442	1815	698	1414	0	0	9	0	304	0	7705	578	27BW7	Treatment	27BW	4
27BW7-9	327	38	961	839	828	156	485	381	937	548	1836	0	0	0	9	215	0	7345	579	27BW7	Treatment	27BW	4
27BW7-10	235	22	230	516	693	44	223	209	1367	1191	470	0	4	0	0	320	0	5272	580	27BW7	Treatment	27BW	4
27BW7-11	135	38	154	1992	545	103	444	185	959	363	1243	12	2	0	16	211	0	6191	581	27BW7	Treatment	27BW	4
27BW7-12	295	18	545	1157	329	100	361	199	1684	847	0	0	0	0	20	107	0	5662	582	27BW7	Treatment	27BW	4
27BW7-13	230	34	1091	312	455	421	301	408	1122	584	1058	14	0	0	165	285	0	6307	583	27BW7	Treatment	27BW	4
27BW7-14	465	59	34	553	422	24	598	151	2969	1205	27	0	0	5	0	219	0	6512	584	27BW7	Treatment	27BW	4
27BW7-15	221	28	483	1126	800	106	426	415	1703	460	446	0	0	0	8	249	0	6334	585	27BW7	Treatment	27BW	4
28BW7-1	576	40	347	557	1905	116	851	546	2699	1202	753	0	8	13	182	779	0	10200	586	27BW7	Treatment	28BW	4
28BW7-2	56	25	816	2839	783	244	479	646	2090	505	2931	18	53	13	6	712	0	11997	587	28BW7	Treatment	28BW	4
28BW7-3	0	0	29	28	33	0	18	14	52	22	1052	0	129	48	14940	17	0	16365	588	28BW7	Treatment	28BW	4
28BW7-4	213	38	1908	1961	1132	96	1800	555	3896	575	12	0	306	102	494	125	0	13088	589	28BW7	Treatment	28BW	4
28BW7-5	401	17	1146	921	1447	56	517	390	1963	491	411	9	108	12	55	76	0	7944	590	28BW7	Treatment	28BW	4
28BW7-6	1718	47	29	1154	2745	95	679	612	2541	1623	981	15	174	19	373	0	0	12805	591	28BW7	Treatment	28BW	4
28BW7-7	233	34	894	1038	1778	128	802	201	3238	768	15	0	228	10	42	964	0	9705	592	28BW7	Treatment	28BW	4
28BW7-8	593	26	285	434	2419	157	272	101	2093	1123	10	4	26	8	81	136	0	7632	593	28BW7	Treatment	28BW	4
28BW7-9	324	13	2756	2724	238	318	60	674	2315	4	0	0	197	13	0	51	0	9636	594	28BW7	Treatment	28BW	4
28BW7-10	799	24	482	357	1487	289	490	365	1079	510	794	0	12	0	199	0	0	6887	595	28BW7	Treatment	28BW	4
28BW7-11	503	68	759	2777	1572	296	677	543	3845	82	190	4	71	0	238	67	0	11625	596	28BW7	Treatment	28BW	4
28BW7-12	793	24	295	397	662	125	917	542	879	1007	1385	82	0	0	0	0	0	7108	597	28BW7	Treatment	28BW	4
28BW7-13	284	57	1102	1298	9	242	256	356	3339	1485	8	62	0	0	0	62	0	8498	598	28BW7	Treatment	28BW	4
28BW7-14	155	39	657	1815	908	148	664	607	3231	1017	883	82	6	0	0	341	0	10276	599	28BW7	Treatment	28BW	4
28BW7-15	454	34	384	290	1272	178	448	193	233	397	721	0	121	5	246	103	0	4976	600	28BW7	Treatment	28BW	4
1SE8-1	74	22	586	287	755	89	216	360	1288	0	375	81	39	17	0	92	0	4189	601	1SE8	Control	1SE	7
1SE8-2	0	0	581	597	666	171	303	560	1725	0	146	27	111	102	26	307	0	5015	602	1SE8	Control	1SE	7
1SE8-3	220	24	617	888	1381	283	148	374	1993	0	0	0	60	93	237	257	32	6318	603	1SE8	Control	1SE	7
1SE8-4	59	10	1182	687	1183	281	129	544	3231	0	27	256	347	442	127	381	4	8505	604	1SE8	Control	1SE	7
1SE8-5	223	39	1357	158	1315	539	490	270	2616	13	28	0	66	83	313	328	0	7510	605	1SE8	Control	1SE	7
1SE8-6	273	62	249	399	2033	40	597	396	2406	0	60	7	33	41	318	222	0	6914	606	1SE8	Control	1SE	7
1SE8-7	565	50	1135	559	300	809	292	568	1521	0	198	5	54	116	82	57	23	6254	607	1SE8	Control	1SE	7
1SE8-8	195	44	727	457	758	545	182	589	2351	0	10	0	161	149	289	271	0	6605	608	1SE8	Control	1SE	7
1SE8-9	584	91	519	762	771	308	426	185	1762	0	0	0	40	72	32	146	0	5649	609	1SE8	Control	1SE	7
1SE8-10	156	53	338	424	2318	278	300	296	2537	0	0	0	70	91	14	473	0	6875	610	1SE8	Control	1SE	7
1SE8-11	444	24	1037	141	1743	98	288	801	2208	0	154	0	102	92	95	50	0	7227	611	1SE8	Control	1SE	7
1SE8-12	319	24	546	658	1289	108	486	2079	922	0	439	0	95	158	166	0	0	7289	612	1SE8	Control	1SE	7
1SE8-13	284	27	608	688	1329	111	482	2338	1047	0	495	0	109	189	163	70	0	7940	613	1SE8	Control	1SE	7
1SE8-14	229	37	497	147	1641	100	233	121	1289	0	380	8	173	403	82	293	0	5534	614	1SE8	Control	1SE	7
1SE8-15	47	65	414	559	1272	330	443	453	1541	0	112	0	101	74	25	251	9	5436	615	1SE8	Control	1SE	7
4SE8-1	294	40	341	241	1150	257	183	471	1354	0	386	16	186	31	34	126	0	5110	616	4SE8	Control	4SE	7
4SE8-2	80	0	844	630	395	156	147	568	1533	0	0	25	441	231	244	939	54	6011	617	4SE8	Control	4SE	7
4SE8-3	457	40	648	247	1321	106	477	331	1928	0	16	43	1005	202	179	0	0	7000	618	4SE8	Control	4SE	7
4SE8-4	0	60	797	722	1620	37	612	261	2091	2	37	28	471	49	68	647	0	7071	619	4SE8	Control	4SE	7
4SE8-5	174	48	742	164	1774	470	530	369	1488	0	433	0	196	151	52	237	0	6591	620	4SE8	Control	4SE	7
4SE8-6	322	21	772	489	1546	47	425	300	2061	0	8	30	173	66	294	783	6	6932	621	4SE8	Control	4SE	7
4SE8-7	204	27	622	419	1114	80	295	197	1776	0	0	10	126	74	850	174	6	5794	622	4SE8	Control	4SE	7
4SE8-8	181	55	1014	70	2060	41	397	69	1584	0	0	4	379	169	70	257	0	6093	623	4SE8	Control	4SE	7
4SE8-9	186	31	1072	119	884	806	446	666	1690	70	238	40	91	62	140	454	0	6541	624	4SE8	Control	4SE	7
4SE8-10	116	34	1117	198	105	337	328	990	221	165	923	205	0	7	18	45	1008	4764	625	4SE8	Control	4SE	7
4SE8-11	405	32	401	710	785	128	537	577	1417	0	653	51	78	153	424	85	46	6351	626	4SE8	Control	4SE	7
4SE8-12	0	0	36	42	40	43	8	0	2352	0	405	515	1411	1285	1401	0	7	7538	627	4SE8	Control	4SE	7
4SE8-13	122	32	1389	800	264	13	334	1188	728	204	1776	107	39	58	11	205	14	7238	628	4SE8	Control	4SE	7
4SE8-14	765	69	1958	161	611	121	790	191	1013	48	150	11	49	62	54	186	245	6150	629	4SE8	Control	4SE	7
4SE8-15	578	18	1113	330	1352	102	569	97	1470	0	0	4	46	74	143	0	0	5896	630	4SE8	Control	4SE	7
5SE8-1	207	45	308	79	1101	542	218	438	867	0	526	0	124	29	34	444	304	4683	631	5SE8	Control	5SE	7
5SE8-2	561	27	1170	39	626	531	500	113	1871	0	0	0	86	83	117	381	190	5724	632	5SE8	Control	5SE	7
5SE8-3	299	0	251	91	1110	474	677	170	1910	0	38	28	88	37	512	761	0	5685	633	5SE8	Control	5SE	7
5SE8-4	903	96	1169	247	921	598	256	330	1436	0	767	11	69	59	33	125	0	7020	634	5SE8	Control	5SE	7
5SE8-5	261	66	582	324	1017	449	79	182	1556	0	239	44	17	16	472	1146	5	5727	635	5SE8	Control	5SE	7
5SE8-6	200	0	382	344	367	61	20	716	980	5	0	80	46	75	0	0	2516	3276	636	5SE8	Control	5SE	7
5SE8-7	399	24	310	81	2406	230	119	161	1557	0	0	14	14	6	412	968	65	6386	637	5SE8	Control	5SE	7
5SE8-8	181	22	469	31	1074	12	221	273	1087	84	199	10	246	149	89	112	10	4147	638	5SE8	Control	5SE	7
5SE8-9	68	0	1074	43	993	1382	16	58	1159	0	23	0	127	29	457	395	11	5429	639	5SE8	Control	5SE	7
5SE8-10	283	31	503	169	1496	210	184	741	1622	0	0	0	76	37	559	381	7	6041	640	5SE8	Control	5SE	7
5SE8-11	367	10	874	399	1902	156	78	78	1999	0	0	5	75	6	30	214	0	5979	641	5SE8	Control	5SE	7
5SE8-12	855	9	1251	350	799	418	200	163	1742	4	455	3	79	93	538	0	0	6959	642	5SE8	Control	5SE	7
5SE8-13	51	15	861	744	406	0	399	1750	1047	38	1209	28	73	29	7	74	0	6657	643	5SE8	Control	5SE	7
5SE8-14	121	94	1278	31	1320	351	427	245	1870	0	0	0	34	0	109	397	0	5880	644	5SE8	Control	5SE	7
5SE8-15	277	22	2557	334	410	573	118	59	1657	0	20	6	148	104	413	249	0	6822	645	5SE8	Control	5SE	7
8SE8-1	448	16	363	121	754	62	228	514	853	0	620	33	11	18	67	435	72	4543	646	8SE8	Control	8SE	7
8SE8-2	64	106	1205	75	2636	230	202	490	2356	0	385	0	56	306	15	280	201	8126	647	8SE8	Control	8SE	7
8SE8-3	111	0	1016	24	1048	332	302	222	1156	0	584	0	73	205	143	631	468	5452	648	8SE8	Control	8SE	7
8SE8-4	185	36	492	101	588	283	373	405	1155	0	71	12	0	46	67	244	320	3931	649	8SE8	Control	8SE	7
8SE8-5	169	35	459	299	398	101	280	290	1037	10	238	9	21	0	236	86	0	3668	650	8SE8	Control	8SE	7
8SE8-6	385	46	312	137	644	319	225	337	716	0	25	37	16	44	534	0	0	3777	651	8SE8	Control	8SE	7
8SE8-7	377	8	490	155	833	306	273	280	1243	0	0	9	33	180	154	0	341	4341	652	8SE8	Control	8SE	7
8SE8-8	321	19	516	572	393	313	299	866	1145	0	100	0	14	44	1103	83	119	5788	653	8SE8	Control	8SE	7
8SE8-9	474	45	761	229	638	480	119	384	1393	0	10	92	21	52	31	274	74	4844	654	8SE8	Control	8SE	7
8SE8-10	545	61	817	151	882	192	386	568	2192	0	0	8	50	286	167	164	67	6305	655	8SE8	Control	8SE	7
8SE8-11	177	37	449	209	553	349	282	296	1298	0	0	0	7	24	411	122	37	4092	656	8SE8	Control	8SE	7
8SE8-12	594	22	903	22	1193	358	75	264	2115	0	60	0	155	74	57	498	104	6223	657	8SE8	Control	8SE	7
8SE8-13	239	22	424	133	873	42	191	284	1030	0	0	0	32	270	181	45	30	3721	658	8SE8	Control	8SE	7
8SE8-14	254	15	791	185	777	228	362	762	1638	0	0	0	14	77	35	181	125	5138	659	8SE8	Control	8SE	7
8SE8-15	288	72	747	107	1012	22	317	476	2221	23	0	13	13	75	188	1181	308	6387	660	8SE8	Control	8SE	7
30BW8-1	125	53	814	263	339	288	128	1120	1133	0	771	47	0	81	6	109	0	5168	661	30BW8	Control	30BW	7
30BW8-2	170	32	766	670	633	146	555	544	1266	0	1494	42	0	0	18	465	5	6561	662	30BW8	Control	30BW	7
30BW8-3	619	67	780	937	1142	185	525	506	3343	0	17	45	23	4	37	764	0	8710	663	30BW8	Control	30BW	7
30BW8-4	134	40	1091	548	617	459	468	305	2473	0	207	21	0	0	0	504	9	6493	664	30BW8	Control	30BW	7
30BW8-5	189	33	450	450	973	248	253	615	2181	0	0	12	18	8	23	139	0	5453	665	30BW8	Control	30BW	7
30BW8-6	336	60	660	1317	143	79	125	790	2784	6	816	37	30	0	73	0	8	7256	666	30BW8	Control	30BW	7
30BW8-7	0	18	500	588	374	46	116	1026	1042	6	550	0	5	573	13	329	0	4911	667	30BW8	Control	30BW	7
30BW8-8	0	26	350	416	415	124	247	1998	468	0	630	70	0	0	0	255	0	4744	668	30BW8	Control	30BW	7
30BW8-9	38	17	223	717	335	35	25	1110	1650	0	0	29	0	6	0	79	0	4185	669	30BW8	Control	30BW	7
30BW8-10	83	18	206	701	353	91	236	771	1349	0	556	20	53	9	31	106	0	4536	670	30BW8	Control	30BW	7
30BW8-11	0	0	100	1381	163	36	244	667	1655	0	703	666	9	11	28	17	0	5663	671	30BW8	Control	30BW	7
30BW8-12	0	19	1246	515	151	611	142	1238	1601	5	0	0	0	0	0	156	3	5528	672	30BW8	Control	30BW	7
30BW8-13	194	28	372	611	124	181	213	980	932	2	83	83	5	0	28	0	0	3836	673	30BW8	Control	30BW	7
30BW8-14	192	14	607	134	426	90	84	118	1164	0	0	0	16	0	22	69	0	2936	674	30BW8	Control	30BW	7
30BW8-15	789	3	1256	775	684	426	326	996	3191	0	0	10	11	34	320	93	0	8821	675	30BW8	Control	30BW	7
9SE8-1	343	57	445	724	805	546	280	24	1073	0	703	0	0	0	53	1239	0	6160	676	9SE8	Treatment	9SE	7
9SE8-2	221	39	758	690	1572	98	223	181	1288	96	590	35	0	0	670	69	0	6530	677	9SE8	Treatment	9SE	7
9SE8-3	200	14	474	805	1113	321	382	366	1409	0	1491	4	0	0	121	92	0	6700	678	9SE8	Treatment	9SE	7
9SE8-4	598	77	23	88	0	2448	459	900	2032	0	624	47	22	8	35	121	0	7361	679	9SE8	Treatment	9SE	7
9SE8-5	752	53	1672	10	800	117	623	127	1774	0	128	10	4	9	225	0	0	6304	680	9SE8	Treatment	9SE	7
9SE8-6	0	17	629	77	1792	451	242	73	2868	106	0	0	88	34	74	278	0	6662	681	9SE8	Treatment	9SE	7
9SE8-7	262	66	1170	245	1251	229	372	585	2759	316	367	81	41	43	0	412	0	7961	682	9SE8	Treatment	9SE	7
9SE8-8	125	10	654	184	1399	310	88	6	2909	0	0	3	9	14	43	648	0	6151	683	9SE8	Treatment	9SE	7
9SE8-9	191	55	1294	549	653	873	281	430	3000	362	390	0	0	0	40	214	0	8118	684	9SE8	Treatment	9SE	7
9SE8-10	153	42	840	1006	1040	195	363	179	1757	486	16	80	0	0	14	254	0	6266	685	9SE8	Treatment	9SE	7
9SE8-11	0	22	917	771	943	122	375	9	2592	301	12	0	0	0	13	307	0	6077	686	9SE8	Treatment	9SE	7
9SE8-12	166	13	731	932	742	0	491	622	2991	178	15	99	0	0	150	33	0	7130	687	9SE8	Treatment	9SE	7
9SE8-13	0	49	1057	567	1150	539	270	243	1849	5	543	2	0	0	65	575	0	6418	688	9SE8	Treatment	9SE	7
9SE8-14	115	42	593	587	1073	371	542	151	1863	525	624	0	0	25	123	231	4	6634	689	9SE8	Treatment	9SE	7
9SE8-15	0	55	653	475	1176	0	247	208	2185	287	181	0	10	19	497	417	10	6217	690	9SE8	Treatment	9SE	7
10SE8-1	131	16	137	529	890	40	128	139	1830	0	164	11	0	8	172	152	5	4283	691	10SE8	Treatment	10SE	7
10SE8-2	0	13	408	266	1340	26	162	126	1259	0	48	0	19	9	0	340	1831	3787	692	10SE8	Treatment	10SE	7
10SE8-3	55	87	445	26	1620	277	284	294	1288	0	543	11	83	9	95	197	0	5117	693	10SE8	Treatment	10SE	7
10SE8-4	269	85	571	896	1268	539	587	364	1943	0	169	91	181	13	221	277	370	7197	694	10SE8	Treatment	10SE	7
10SE8-5	66	36	634	368	1801	63	526	117	1710	0	216	0	50	48	43	526	0	5678	695	10SE8	Treatment	10SE	7
10SE8-6	41	35	577	104	751	0	112	175	548	21	440	0	13	67	61	220	1207	3015	696	10SE8	Treatment	10SE	7
10SE8-7	229	16	856	429	883	126	462	854	1657	0	0	14	167	21	171	328	17	5885	697	10SE8	Treatment	10SE	7
10SE8-8	0	22	404	430	139	98	133	626	1033	0	450	89	32	132	17	113	2886	3605	698	10SE8	Treatment	10SE	7
10SE8-9	282	11	508	112	1651	0	106	277	1910	0	6	0	54	8	0	304	0	4925	699	10SE8	Treatment	10SE	7
10SE8-10	0	0	141	128	77	397	88	161	769	13	298	13	117	5	18	149	4075	2225	700	10SE8	Treatment	10SE	7
10SE8-11	495	0	462	342	1401	81	171	158	2450	5	143	0	5	0	154	0	0	5867	701	10SE8	Treatment	10SE	7
10SE8-12	329	26	973	13	1455	15	127	173	351	0	678	0	55	197	87	0	2630	4479	702	10SE8	Treatment	10SE	7
10SE8-13	0	0	224	378	114	3316	39	43	742	324	26	12	275	87	1645	16	6	7225	703	10SE8	Treatment	10SE	7
10SE8-14	125	39	457	814	485	35	230	333	1128	0	326	181	114	48	170	200	1056	4563	704	10SE8	Treatment	10SE	7
10SE8-15	229	26	168	642	2070	65	727	399	2304	2	296	74	45	29	28	369	33	7104	705	10SE8	Treatment	10SE	7
26BW8-1	339	26	673	311	892	38	116	482	2215	0	179	6	130	88	425	346	0	6266	706	26BW8	Treatment	26BW	7
26BW8-2	205	7	534	765	1426	42	51	958	2424	13	8	114	113	232	61	387	0	7193	707	26BW8	Treatment	26BW	7
26BW8-3	306	32	1309	17	1017	216	189	315	1053	0	105	0	239	123	143	89	0	5064	708	26BW8	Treatment	26BW	7
26BW8-4	488	70	1204	907	993	662	504	535	2376	0	162	0	239	8	310	488	0	8458	709	26BW8	Treatment	26BW	7
26BW8-5	268	11	1013	708	926	537	398	201	999	320	195	0	100	11	457	73	0	6144	710	26BW8	Treatment	26BW	7
26BW8-6	0	8	1140	29	943	107	190	590	1370	0	316	32	255	188	100	675	14	5268	711	26BW8	Treatment	26BW	7
26BW8-7	580	44	1511	303	509	187	334	586	1693	19	380	73	196	136	83	527	30	6634	712	26BW8	Treatment	26BW	7
26BW8-8	108	34	236	645	1629	0	79	280	1410	6	483	17	137	37	18	376	0	5242	713	26BW8	Treatment	26BW	7
26BW8-9	141	30	612	57	739	379	0	268	1248	0	0	12	152	152	20	390	0	3810	714	26BW8	Treatment	26BW	7
26BW8-10	374	59	601	199	1251	507	446	282	319	0	173	14	368	233	1548	60	48	6374	715	26BW8	Treatment	26BW	7
26BW8-11	369	33	636	35	1128	214	139	352	1694	0	143	17	474	23	9	68	0	5266	716	26BW8	Treatment	26BW	7
26BW8-12	662	53	741	46	2736	134	532	13	2027	10	13	0	74	16	20	245	43	7077	717	26BW8	Treatment	26BW	7
26BW8-13	166	40	1321	251	731	481	554	771	1343	57	802	0	67	13	5	350	0	6602	718	26BW8	Treatment	26BW	7
26BW8-14	385	22	884	509	1395	55	247	815	2038	0	83	7	17	0	124	83	0	6581	719	26BW8	Treatment	26BW	7
26BW8-15	429	0	802	60	575	1583	192	1422	255	0	600	102	195	125	45	164	0	6385	720	26BW8	Treatment	26BW	7
27BW8-1	448	30	811	7	712	0	336	0	938	0	7	0	10	15	0	390	0	3314	721	27BW8	Treatment	27BW	7
27BW8-2	229	51	886	609	1019	231	111	181	1912	0	143	9	4	19	22	452	5	5426	722	27BW8	Treatment	27BW	7
27BW8-3	585	67	922	95	1861	484	635	201	1317	19	1463	0	13	52	16	394	20	7799	723	27BW8	Treatment	27BW	7
27BW8-4	162	20	756	1095	54	226	190	850	1337	0	929	0	0	5	30	0	15	5654	724	27BW8	Treatment	27BW	7
27BW8-5	347	39	0	183	1656	82	82	0	2399	21	9	0	16	27	5	865	0	5384	725	27BW8	Treatment	27BW	7
27BW8-6	144	102	70	558	1420	0	261	526	1366	4	248	6	5	10	77	62	0	4797	726	27BW8	Treatment	27BW	7
27BW8-7	0	43	336	86	1063	161	243	91	1752	101	0	0	0	27	0	798	0	4134	727	27BW8	Treatment	27BW	7
27BW8-8	672	47	1253	616	1163	27	379	138	1483	69	702	13	17	8	0	462	12	7049	728	27BW8	Treatment	27BW	7
27BW8-9	24	27	452	297	462	137	141	228	819	24	286	0	0	652	0	69	0	3549	729	27BW8	Treatment	27BW	7
27BW8-10	0	38	667	43	506	433	495	46	1447	14	14	7	4	0	0	893	0	3875	730	27BW8	Treatment	27BW	7
27BW8-11	0	71	788	1107	668	139	5	353	951	0	691	83	17	88	477	492	0	5438	731	27BW8	Treatment	27BW	7
27BW8-12	514	0	590	59	1199	126	181	91	744	0	880	0	0	26	104	59	0	4514	732	27BW8	Treatment	27BW	7
27BW8-13	150	20	646	56	1079	100	201	165	1566	5	9	0	9	4	44	578	0	4387	733	27BW8	Treatment	27BW	7
27BW8-14	173	15	329	280	582	20	103	791	421	0	274	0	0	0	0	0	0	2988	734	27BW8	Treatment	27BW	7
27BW8-15	367	26	620	98	640	854	549	23	1287	43	0	0	57	5	71	370	0	4640	735	27BW8	Treatment	27BW	7
28BW8-1	247	26	1113	88	644	265	242	0	2221	7	0	0	0	0	15	186	59	4940	736	27BW8	Treatment	28BW	7
28BW8-2	215	25	554	311	1119	0	582	680	1812	98	567	168	8	0	8	121	0	6222	737	28BW8	Treatment	28BW	7
28BW8-3	9	0	19	0	0	0	17	126	24	12	0	0	115	220	14406	0	17	14948	738	28BW8	Treatment	28BW	7
28BW8-4	526	9	427	99	1641	107	463	738	1091	22	893	21	0	0	57	0	14	6094	739	28BW8	Treatment	28BW	7
28BW8-5	0	39	1030	151	664	253	416	194	947	33	763	0	0	0	6	369	9	4496	740	28BW8	Treatment	28BW	7
28BW8-6	87	40	539	179	491	130	327	567	1507	16	350	14	0	0	0	115	0	4310	741	28BW8	Treatment	28BW	7
28BW8-7	179	81	365	439	1319	389	756	139	1219	100	388	42	0	0	176	205	0	5592	742	28BW8	Treatment	28BW	7
28BW8-8	147	28	557	186	324	87	106	254	1084	43	0	0	88	53	212	102	0	3169	743	28BW8	Treatment	28BW	7
28BW8-9	89	17	1093	676	436	124	269	23	1938	0	0	0	0	0	0	169	0	4665	744	28BW8	Treatment	28BW	7
28BW8-10	191	8	1141	633	90	1505	487	0	29	0	2412	50	25	14	99	71	10	6684	745	28BW8	Treatment	28BW	7
28BW8-11	46	24	564	740	383	131	290	93	819	105	649	68	0	0	0	72	0	3912	746	28BW8	Treatment	28BW	7
28BW8-12	0	0	29	20	10	0	14	486	105	19	5640	11	254	137	0	15	0	6725	747	28BW8	Treatment	28BW	7
28BW8-13	77	0	461	1570	254	811	243	0	20	4	361	0	20	8	9	96	0	3838	748	28BW8	Treatment	28BW	7
28BW8-14	0	0	295	1051	219	175	161	217	2077	0	0	10	0	0	32	202	0	4308	749	28BW8	Treatment	28BW	7
28BW8-15	283	35	392	292	1196	229	629	508	604	3	475	0	5	7	5	0	0	4663	750	28BW8	Treatment	28BW	7