ASV	L_mellis	L_mellifer	L_apis	L_kullabergensis	L_melliventris	L_helsingborgensis	Bifidobacterium	Snodgrassella	Gilliamella	Frischella	Bartonella	Commensalibacter	Fructobacillus	L_kunkeei	Bombella	Enterobacteriaceae	Total_bact	Total_bact_qpcr_not_corrected	Firm4	Firm5	Other_bact	Bee	Description	Hive	Week
2-W0-C-S-1	3551150	645664	12590441	7747963	8501238	8501238	23781943	9146901	9631149	1775575	1398938	0	0	4089203	0	368951	91730354	317666501	4196814	37340880	4458154	1	Control	1	0
2-W0-C-S-2	548143	152848	1401981	1649699	1644429	1154263	3246693	1059392	1560099	0	316236	0	0	432190	0	90353	13256326	46170500	700991	5850372	522543	2	Control	2	0
2-W0-C-S-3	12651	0	592086	113863	70848	134105	0	2267133	698358	569313	177120	341588	0	0	0	370144	5347209	22145029	12651	910902	370144	3	Control	3	0
2-W0-C-S-4	1138676	83318	2799476	827623	1621919	1349748	4843538	2455096	3582663	794296	955377	61100	61100	55545	0	38088	20667563	71186685	1221994	6598766	154733	4	Control	4	0
2-W0-C-S-5	0	30147	558878	329297	257409	99717	1103842	983254	2344505	248133	1331104	0	0	294513	0	18552	7599351	25583168	30147	1245301	313065	5	Control	5	0
2-W0-C-S-6	391722	0	2491179	607390	1210378	1122351	3124977	783445	2442764	470947	202463	0	96830	611791	0	201206	13757443	48978514	391722	5431298	909827	6	Control	6	0
2-W0-R0-001-S-1	1466112	68368	1625637	1602847	3661481	364629	3160116	957151	4747771	736854	1033115	15193	0	1367358	0	26045	20832677	75022372	1534480	7254594	1393403	7	0.001R-Syrup	7	0
2-W0-R0-001-S-2	611314	0	1986769	1057063	1082534	0	2891004	1725687	3107510	477589	687728	95518	63678	528531	0	72775	14387700	50611665	611314	4126366	664984	8	0.001R-Syrup	8	0
2-W0-R0-001-S-3	282765	0	667035	250138	340768	253763	899047	982426	1816220	398771	398771	0	0	0	0	58003	6347707	22969197	282765	1511704	58003	9	0.001R-Syrup	9	0
2-W0-R0-001-S-4	1202736	48595	1955965	1798030	3012915	2296133	4397885	2053156	3802591	242977	1627946	0	0	72893	0	152728	22664550	79064734	1251331	9063043	225621	10	0.001R-Syrup	10	0
2-W0-R0-001-W-1	462738	49227	999317	403665	615343	182141	1732806	1225763	2815809	374128	3623139	24614	49227	0	0	101268	12659185	40228656	511965	2200466	150495	11	0.001R-Water	11	0
2-W0-R0-001-W-2	0	216844	17651081	11210822	5919834	4358559	1604644	4488666	2125069	0	260212	1496222	0	1387800	0	0	50719753	199149298	216844	39140296	1387800	12	0.001R-Water	12	0
2-W0-R0-001-W-3	263604	70970	2225428	1125387	1495447	897268	4420440	2113903	2620834	1257189	121663	0	136871	785743	0	196979	17731726	62433648	334574	5743530	1119593	13	0.001R-Water	13	0
2-W0-R0-001-W-4	0	220384	3326746	3662569	5688001	1595159	7660961	6705965	2371750	1049447	524723	0	41978	1721093	0	0	34568776	121903732	220384	14272475	1763071	14	0.001R-Water	14	0
2-W0-R0-1-S-1	0	0	571252	171789	117976	0	476043	1653733	1722034	324951	153162	12419	0	95209	0	114723	5413291	20738925	0	861017	209932	15	0.1R-Syrup	15	0
2-W0-R0-1-S-2	1699832	172135	3281322	2614299	4141997	688540	4841295	2485198	5712728	623989	1915001	0	0	0	0	227464	28403800	100785005	1871967	10726158	227464	16	0.1R-Syrup	16	0
2-W0-R0-1-S-3	1132350	100335	1786915	683232	1748693	439562	2943155	1027238	3296716	883902	1280464	0	425229	0	0	81906	15829697	55117265	1232685	4658402	507135	17	0.1R-Syrup	17	0
2-W0-R0-1-S-4	704428	0	1263113	1263113	1159877	321851	1080933	3995808	2641606	892680	242906	0	0	0	0	0	13566315	51617579	704428	4007954	0	18	0.1R-Syrup	18	0
2-W0-R0-1-W-1	630732	128482	2482047	776735	1214743	677453	3422305	1325705	2429486	1319865	245285	0	128482	741694	0	0	15523014	54756875	759214	5150978	870176	19	0.1R-Water	19	0
2-W0-R0-1-W-2	2545926	472815	7649901	6898247	5322197	2133728	12414419	3576420	4594790	1406321	339457	0	424321	2242839	0	41566	50062947	174868732	3018741	22004073	2708726	20	0.1R-Water	20	0
2-W0-R0-1-W-3	126535	14379	543527	247319	267450	0	1759993	957643	1892280	549279	1242348	0	54640	0	0	138039	7793432	25583168	140914	1058296	192679	21	0.1R-Water	21	0
2-W0-R0-1-W-4	764805	212984	1694189	2120157	3369016	1461843	8054658	2671978	3978924	1113324	2807513	0	425968	871297	0	807679	30354335	102116031	977789	8645205	2104944	22	0.1R-Water	22	0
2-W0-R0-1-W-5	533518	46683	2054045	1327126	3928027	1733934	6082106	2014031	3721289	660229	880305	0	100035	1607223	0	262948	24951499	86670012	580201	9043132	1970206	23	0.1R-Water	23	0
2-W1-C-S-1	0	336233	6743346	2932702	5361054	1755885	7172978	3549130	10759466	280194	2988741	0	0	2895343	0	106741	44881813	159524033	336233	16792987	3002084	24	Control	1	1
2-W1-C-S-3	0	0	3441076	782845	1152760	0	68822	8723128	2821682	232273	292491	2752861	0	129040	0	181885	20578863	82138483	0	5376681	310925	26	Control	3	1
2-W1-C-S-4	626926	135030	1793974	1331013	1572139	0	3626529	3202148	6838321	511186	5324053	135030	0	0	0	93695	25190044	83140098	761956	4697126	93695	27	Control	4	1
2-W1-C-S-5	871661	174332	1500773	1091471	1894915	0	5563471	977776	4017220	500258	3456325	0	60637	424461	0	0	20533300	64093609	1045993	4487159	485098	28	Control	5	1
2-W1-C-S-6	125270	0	753940	322454	452364	424526	292297	955764	1589073	199504	849052	34797	0	0	0	0	5999041	21713471	125270	1953284	0	29	Control	6	1
2-W1-R0-001-S-1	2180295	149335	4151521	3673648	5943544	418139	8960117	2673101	8527044	985613	1254416	0	0	3389911	0	85334	42392018	149395010	2329630	14186852	3475245	30	0.001R-Syrup	7	1
2-W1-R0-001-S-2	1411483	111208	1924750	2651877	4234449	1189068	8160938	2857184	3387559	821227	1300275	0	0	1206176	0	102653	29358847	98820924	1522691	10000144	1308829	31	0.001R-Syrup	8	1
2-W1-R0-001-S-3	150091	0	326984	194761	205482	0	300182	925560	1365112	226923	1443731	0	0	0	0	11231	5150057	17146092	150091	727227	11231	32	0.001R-Syrup	9	1
2-W1-R0-001-W-1	0	460641	6420179	5988328	10911424	4923097	16525482	4318506	8752172	748541	27408116	0	0	5470107	0	1200956	93127549	288245863	460641	28243028	6671063	34	0.001R-Water	11	1
2-W1-R0-001-W-2	1216558	181189	2264868	7182866	9318313	2213099	7040503	2510768	6380456	737700	2458999	2471941	0	1100079	0	0	45077339	161310353	1397747	20979146	1100079	35	0.001R-Water	12	1
2-W1-R0-001-W-3	873254	255021	2928878	1236466	3145259	1514670	4544011	2472931	3825315	548682	2472931	231837	146830	1027812	0	158974	25382871	87974523	1128275	8825273	1333616	36	0.001R-Water	13	1
2-W1-R0-001-W-4	0	133966	3009770	1830869	4528051	1098521	5644435	3447392	2223836	1652248	2607872	0	0	1107452	0	0	27284412	92633033	133966	10467211	1107452	37	0.001R-Water	14	1
2-W1-R0-1-S-1	1505075	256547	7884541	4190266	6738631	2479953	10193462	1094600	5045422	1556384	1026187	0	136825	2479953	0	2306479	46894325	172057436	1761622	21293391	4923257	38	0.1R-Syrup	15	1
2-W1-R0-1-S-2	1415730	242420	1900570	2414499	6516239	1483608	6632600	261813	4431430	475142	2695706	0	0	1153917	0	504233	30127907	103367719	1658150	12314916	1658150	39	0.1R-Syrup	16	1
2-W1-R0-1-S-3	1263345	140372	2080804	1329403	3558836	850487	6440585	280743	4401066	1065174	2675320	0	0	1023888	0	268947	25378970	84090915	1403717	7819530	1292835	40	0.1R-Syrup	17	1
2-W1-R0-1-S-4	0	141602	2306095	3924407	9143463	2285866	8657969	424807	3014106	708011	2427468	0	0	2609528	0	150272	35793594	121454313	141602	17659831	2759800	41	0.1R-Syrup	18	1
2-W1-R0-1-W-1	0	263153	3574500	2032129	2090608	811390	4999915	1264598	2660773	2083298	1242669	43859	102337	1827454	0	125311	23121994	80378747	263153	8508627	2055102	42	0.1R-Water	19	1
2-W1-R0-1-W-2	912755	315022	4426458	2867505	5064579	1357016	9030620	751205	3901422	1833587	1938595	0	40387	1542798	0	193859	34175808	115346383	1227777	13715558	1777044	43	0.1R-Water	20	1
2-W1-R0-1-W-3	1059809	109464	1209078	835906	1059809	338343	3423234	452782	3174453	860784	2278839	0	0	0	0	113729	14916230	48601966	1169273	3443136	113729	44	0.1R-Water	21	1
2-W1-R0-1-W-4	844994	367389	1675293	2520288	4577666	2417419	5966396	301259	1983900	1344643	2365984	0	73478	911124	0	142757	25492590	85733872	1212383	11190666	1127359	45	0.1R-Water	22	1
2-W1-R0-1-W-5	1410479	0	5820457	3017353	3963624	1972885	5284832	883781	2660270	1580093	249958	62490	0	1883614	0	479512	29269348	107446347	1410479	14774319	2363126	46	0.1R-Water	23	1
2-W3-C-S-1	0	128365	2762911	892445	1772664	482898	2102747	2775137	5831455	715178	2102747	103915	0	861882	0	27943	20560287	73913994	128365	5910918	889825	47	Control	1	3
2-W3-C-S-2	156875	0	1411877	895496	1444559	509844	1647190	4333677	4157193	222240	2849899	0	0	346433	0	0	17975283	62906954	156875	4261776	346433	48	Control	2	3
2-W3-C-S-3	194339	0	1326577	937899	1351926	0	152092	6142814	2594008	228138	506972	718211	0	0	0	0	14152976	55293776	194339	3616402	0	49	Control	3	3
2-W3-C-S-4	367601	0	1009847	291546	583091	430981	1394349	1508432	2378844	135210	2645038	190139	0	0	0	0	10935078	35661537	367601	2315465	0	50	Control	4	3
2-W3-C-S-5	2212341	459992	5497996	1336166	5476092	1051410	8761747	2891377	7841764	0	8455086	0	0	1708541	0	0	45692512	148336380	2672333	13361664	1708541	51	Control	5	3
2-W3-C-S-6	1309639	279729	4882537	3865342	5124121	1385929	7552675	3954347	5925162	788326	1958101	89005	0	1309639	0	247033	38671585	136405886	1589368	15257929	1556672	52	Control	6	3
2-W3-R0-001-S-1	1931082	528749	4597815	5747268	7931230	5011618	10207149	6184061	8551935	2298907	5793247	0	0	1839126	0	144503	60766690	211499479	2459831	23287931	1983629	53	0.001R-Syrup	7	3
2-W3-R0-001-S-2	1758358	367820	3758940	610043	2745192	852266	6674585	3077127	4449723	798438	1345683	0	0	1489222	0	0	27927397	95669055	2126178	7966441	1489222	54	0.001R-Syrup	8	3
2-W3-R0-001-S-3	522941	159433	2716745	0	2806027	573960	5714092	2614707	2876178	420904	3596817	0	0	778035	0	0	22779839	72497546	682374	6096732	778035	55	0.001R-Syrup	9	3
2-W3-R0-001-S-4	460243	163740	1681658	442542	1637404	615133	2106498	385011	3088941	283227	2770311	0	0	601857	0	68278	14304843	47670585	623983	4376737	670135	56	0.001R-Syrup	10	3
2-W3-R0-001-W-1	0	84463	1295097	661626	647549	0	2590195	1759643	3674135	478623	10642321	0	0	408237	0	0	22241889	62502521	84463	2604272	408237	57	0.001R-Water	11	3
2-W3-R0-001-W-2	0	389260	3202551	3025615	12403250	1362411	9766896	2105545	4971916	990845	5945067	389260	0	2424030	0	394316	47370962	159242872	389260	19993827	2818346	58	0.001R-Water	12	3
2-W3-R0-001-W-3	0	51481	1821130	546983	1267713	682119	2380983	2406723	2535425	1409285	4118457	154442	0	611333	0	113993	18100067	59743367	51481	4317945	725326	59	0.001R-Water	13	3
2-W3-R0-001-W-4	992421	195872	5131859	2050132	2415761	626792	5615011	2703040	7769609	639850	3264541	0	0	1318875	0	0	32723763	113135947	1188293	10224544	1318875	60	0.001R-Water	14	3
2-W3-R0-1-S-1	1875752	344526	4995624	5550693	4938203	0	7694410	172263	8345181	1071858	3521819	0	38281	2679645	0	164060	41392315	143628979	2220278	15484520	2881986	61	0.1R-Syrup	15	3
2-W3-R0-1-S-2	1023207	80779	1857928	453263	1355300	1166814	2495188	67316	2423384	1252082	1893830	85267	0	0	0	153866	14308224	48916453	1103986	4833305	153866	62	0.1R-Syrup	16	3
2-W3-R0-1-S-3	1589446	152523	2841737	690366	2785545	377293	6454115	850916	4936917	618118	3596323	0	280963	738531	0	0	25912793	83550289	1741969	6694941	1019494	63	0.1R-Syrup	17	3
2-W3-R0-1-S-4	0	29128	782300	345377	359941	216381	1369024	291282	1254592	640820	990358	24967	0	158124	0	61823	6524117	21563173	29128	1703999	219947	64	0.1R-Syrup	18	3
2-W3-R0-1-W-1	0	330431	4185454	2147799	5378675	1119792	7122614	348788	3983524	1927511	8077191	0	0	3836666	0	0	38458445	123434164	330431	12831720	3836666	65	0.1R-Water	19	3
2-W3-R0-1-W-2	393475	118516	1237312	1673452	3034021	0	2872839	85332	2185443	255996	843837	0	0	677914	0	0	13378137	46079199	511991	5944785	677914	66	0.1R-Water	20	3
2-W3-R0-1-W-3	2244707	590712	14442918	6497836	5552696	0	12464032	1978887	14118026	2687741	4016844	0	0	5198269	0	472570	70265238	249516915	2835419	26493450	5670839	67	0.1R-Water	21	3
2-W3-R0-1-W-4	0	59359	1740159	765420	762296	787289	518611	156208	2599304	877890	1099706	0	0	353030	56235	182094	9957601	37140057	59359	4055164	591359	68	0.1R-Water	22	3
2-W3-R0-1-W-5	2411945	355248	8058513	2561523	6544036	5515688	7217137	1252715	9255137	1757541	1757541	0	0	2954165	0	854731	50495920	186598514	2767193	22679760	3808896	69	0.1R-Water	23	3
2-W4-C-S-1	4236024	260107	5796664	8509206	16981253	3195597	15160506	7245830	18616209	1857905	1783589	111474	0	6837091	0	127399	90718854	329369422	4496131	34482720	6964490	70	Control	1	4
2-W4-C-S-2	0	185828	4688587	2401471	3230551	0	4431286	7704721	8462328	443129	1143558	0	0	1558098	0	0	34249557	125848536	185828	10320609	1558098	71	Control	2	4
2-W4-C-S-3	437081	0	2622485	1512972	1538188	680838	353027	6219997	2832620	1958459	437081	437081	0	0	0	76849	19106678	75077045	437081	6354483	76849	72	Control	3	4
2-W4-C-S-4	1269881	130916	1073508	1610262	2461213	0	3508538	2788502	4176207	222557	1675720	0	78549	91641	0	0	19087494	65981460	1400797	5144983	170190	73	Control	4	4
2-W4-C-S-5	1313360	215895	2725672	791614	2986545	539737	6099028	3535277	5523308	539737	3166457	0	62969	1277377	0	0	28776976	96576933	1529255	7043568	1340346	74	Control	5	4
2-W4-C-S-6	2085639	824555	4438046	4826072	4923079	2400910	13920429	6014402	11834790	1115574	3007201	0	0	6838957	0	401884	62631538	217876545	2910194	16588107	7240841	75	Control	6	4
2-W4-R0-001-S-1	1114718	98773	1679133	980670	1763795	1545084	3090169	1608581	4289550	1432202	1368705	0	0	790180	0	36284	19797844	70382477	1213491	5968682	826464	76	0.001R-Syrup	7	4
2-W4-R0-001-S-2	643488	115828	1724547	868708	1074624	0	2174988	2998652	2503167	1151843	1235496	0	57914	746446	0	0	15295701	54361827	759316	3667879	804360	77	0.001R-Syrup	8	4
2-W4-R0-001-S-3	779691	114902	3373190	746862	1772771	623753	4202124	2289829	3094142	443193	4661732	0	32829	0	0	201664	22336682	72224010	894593	6516576	234493	78	0.001R-Syrup	9	4
2-W4-R0-001-S-4	922157	178482	1150217	704012	2944952	446205	4957831	2151699	4531458	1110554	2994530	0	0	1269205	0	0	23361302	77540480	1100639	5245386	1269205	79	0.001R-Syrup	10	4
2-W4-R0-001-W-1	0	551386	3390003	673916	6739164	1511206	9639046	5820187	8495430	0	15765558	0	0	3165365	0	70017	55821278	172685960	551386	12314289	3235382	80	0.001R-Water	11	4
2-W4-R0-001-W-2	0	225708	1477363	2687979	7940825	0	5458034	3098358	6689170	0	3241990	0	0	2646942	0	0	33466369	116465426	225708	12106167	2646942	81	0.001R-Water	12	4
2-W4-R0-001-W-3	828277	109772	3991694	1686491	3772151	1556761	5488579	2923916	6286918	708526	3692317	59875	109772	1207487	0	205287	32627823	112765359	938049	11007097	1522546	82	0.001R-Water	13	4
2-W4-R0-001-W-4	424856	162445	2274229	1224585	5285707	599797	6122923	2011818	6672736	1287063	3723737	0	0	1561970	0	0	31351866	105714140	587301	9384318	1561970	83	0.001R-Water	14	4
2-W4-R0-1-S-1	4240064	524053	6955610	4525911	9456771	0	11815009	1119567	10099927	1572158	5669299	0	0	2358238	0	95282	58431889	199044786	4764117	20938292	2453520	84	0.1R-Syrup	15	4
2-W4-R0-1-S-2	402048	70082	1058602	427867	962701	0	1209831	579096	3714329	741390	1136061	0	0	276638	0	0	10578645	37622798	472130	2449170	276638	85	0.1R-Syrup	16	4
2-W4-R0-1-S-3	2551943	339182	3036489	1502093	4926219	872183	8172677	2729610	7090524	904486	4780855	0	484546	2002790	0	0	39393597	131667323	2891125	10336984	2487336	86	0.1R-Syrup	17	4
2-W4-R0-1-S-4	426977	90322	1116710	1420520	4581794	566566	5944837	1149554	3391185	1133132	3300862	49267	0	1510843	0	126686	24809255	81125674	517299	7685590	1637529	87	0.1R-Syrup	18	4
2-W4-R0-1-W-1	1386275	157111	1728223	1478693	3761426	674654	5914773	1543386	3872328	1007360	2439844	36967	0	2818759	0	79216	26899015	91124476	1543386	7642996	2897975	88	0.1R-Water	19	4
2-W4-R0-1-W-2	1032878	266044	3270780	1658864	3865467	0	4663600	1126776	4913994	1674514	2535245	0	0	2425698	0	0	27433860	95337746	1298922	8795111	2425698	89	0.1R-Water	20	4
2-W4-R0-1-W-3	973751	127011	1701947	1253175	2641829	897544	4911092	1761219	4292972	1744284	2184589	0	67739	1972904	0	372566	24902622	86536823	1100762	6494495	2413209	90	0.1R-Water	21	4
2-W4-R0-1-W-4	89307	23993	291913	135960	171949	114633	439869	153288	1656841	407879	781101	7998	0	103969	0	37322	4416022	15334111	113300	714455	141291	91	0.1R-Water	22	4
2-W4-R0-1-W-5	432031	100181	1020595	450815	2022406	256714	3243363	1308615	3024216	1101992	1352445	31307	0	732574	0	25045	15102299	51292715	532212	3750530	757619	92	0.1R-Water	23	4
2-W7-C-S-1	2529543	195655	1970528	2361838	3675523	0	3242287	3493843	6023386	1271759	0	0	586966	1858725	0	0	27210053	102355638	2725198	8007889	2445691	93	Control	1	7
2-W7-C-S-2	0	154418	2501564	2975111	3119234	0	5929632	3438363	7123794	1420641	102945	0	0	1348580	0	0	28114282	100391971	154418	8595909	1348580	94	Control	2	7
2-W7-C-S-3	530194	231960	3032049	1706563	1830828	0	1888818	4697191	4920867	2170483	0	0	82843	397646	0	0	21489442	82180134	762154	6569440	480489	95	Control	3	7
2-W7-C-S-4	2509628	145720	1570541	1716261	2258665	510021	3238229	1829599	4484947	833844	518117	0	105242	0	0	55512	19776326	71759158	2655348	6055488	160754	96	Control	4	7
2-W7-C-S-5	0	45602	1322452	1240368	1659905	0	3082680	2617542	3502217	656666	328333	0	191527	1450137	0	119868	16217297	58406761	45602	4222725	1761532	97	Control	5	7
2-W7-C-S-6	1186208	166948	1071981	2038521	2293336	456910	2671166	1256502	4323071	992900	0	0	316322	2328483	96654	105441	19304443	72191765	1353156	5860748	2846900	98	Control	6	7
2-W7-R0-001-S-1	1083980	279464	3505998	2345801	2328863	0	3133380	3235003	5928016	1100917	423430	0	0	1896965	0	0	25261817	93933646	1363444	8180662	1896965	99	0.001R-Syrup	7	7
2-W7-R0-001-S-2	777511	98212	654746	834801	1350414	294636	1669602	1542745	2099279	380571	90028	0	360110	826617	0	320358	11299630	42640336	875723	3134597	1507085	100	0.001R-Syrup	8	7
2-W7-R0-001-S-3	1106846	190349	2079743	1219646	3405139	366599	3792888	2502742	3454489	571048	197399	0	77550	1078646	0	0	20043084	72191765	1297195	7071127	1156196	101	0.001R-Syrup	9	7
2-W7-R0-001-S-4	1223764	181298	1057574	1201102	2893220	370151	4985705	2402204	3331358	1034912	543895	0	0	2054715	0	138132	21418030	75027313	1405062	5522047	2192847	102	0.001R-Syrup	10	7
2-W7-R0-001-W-1	2140173	250557	1973135	2307211	2077534	0	6013364	3058882	5324333	929148	313196	0	240117	1774778	0	53691	26456119	93332426	2390730	6357880	2068586	103	0.001R-Water	11	7
2-W7-R0-001-W-2	1611767	179825	1678369	1485224	3290137	372971	4555574	2897185	4995147	599418	93243	0	0	1078952	0	79922	22917734	82613064	1791592	6826701	1158874	104	0.001R-Water	12	7
2-W7-R0-001-W-3	1314627	0	2715933	1401306	2412558	0	2975969	2845951	4897347	1921378	0	260036	0	1661342	0	470542	22876989	86967645	1314627	6529797	2131884	105	0.001R-Water	13	7
2-W7-R0-001-W-4	834790	149834	1375263	1503692	1776604	374585	4120438	1230780	3216082	1498341	438800	0	0	1129107	0	58099	17706415	61881484	984624	5030144	1187206	106	0.001R-Water	14	7
2-W7-R0-1-S-1	2699065	231636	1571097	1681880	2688993	2125010	3625609	1359603	3625609	2658780	0	0	422988	1178323	0	143873	24012466	89230268	2930701	8066980	1745184	107	0.1R-Syrup	15	7
2-W7-R0-1-S-2	1290130	141184	1051577	1256051	2658154	233684	2190786	1343682	2185918	1815918	253158	58421	63289	754604	0	194737	15491293	57661492	1431314	5199466	1012630	108	0.1R-Syrup	16	7
2-W7-R0-1-S-3	1966462	165183	1368658	1643963	3012620	0	4168900	2556401	5081339	888841	220244	0	503414	1431585	0	215749	23223359	84762395	2131645	6025241	2150748	109	0.1R-Syrup	17	7
2-W7-R0-1-S-4	208087	131958	872950	994757	1786503	360346	3065476	1091188	2593474	1065811	365421	0	0	1806804	0	29002	14371777	50712314	340045	4014556	1835806	110	0.1R-Syrup	18	7
2-W7-R0-1-W-1	740284	137846	806654	1291667	1940054	393116	3053032	1087451	3190878	546278	153162	0	71476	1393776	0	131282	14936956	53729281	878130	4431491	1596534	111	0.1R-Water	19	7
2-W7-R0-1-W-2	1159152	104698	1420896	1562985	2400566	0	1959341	830102	3522326	1308720	373920	0	321571	1615334	0	89741	16669352	62280106	1263850	5384447	2026646	112	0.1R-Water	20	7
2-W7-R0-1-W-4	1524915	296207	2095387	2073446	3005948	0	4124951	2753624	7635547	2018593	241354	0	21941	2248976	0	0	28040889	103430950	1821122	7174781	2270917	114	0.1R-Water	22	7
2-W7-R0-1-W-5	2055967	0	1686947	1726485	4652284	566709	5719805	3294819	4731360	1990071	395378	0	0	1818740	0	158151	28796716	103430950	2055967	8632425	1976891	115	0.1R-Water	23	7