ASV	L_mellifer	L_mellis	L_apis	L_helsingborgensis	L_kullabergensis	L_melliventris	Bifidobacterium	Snodgrassella	Gilliamella	Bartonella	Frischella	Commensalibacter	Enterobacteriaceae	L_kunkeei	Fructobacillus	Total_bact	Total_bact_qpcr_not_corrected	Firm4	Firm5	Other_bact	Bee	Description	Hive	Week
1-W0-C-S-1	0	758748	6021034	0	452801	2239531	2741284	2704570	2068201	0	807700	0	2041977	1774492	0	21610338	87084707	758748	8713366	3816469	1	Control	1	0
1-W0-C-S-2	0	1280865	3484876	0	2342483	3450258	4638809	4096461	5481180	784674	669281	80775	243974	1303944	0	27857580	101315283	1280865	9277617	1547918	2	Control	2	0
1-W0-C-S-3	162242	0	6489678	2085968	5099032	4496420	7231355	6373791	5979774	1158871	1390645	0	1231714	3013065	324484	45037039	167062846	162242	18171098	4569263	3	Control	3	0
1-W0-C-S-4	0	1595257	4760845	0	2492589	3003570	6455806	4499123	3028496	1071813	635610	0	156677	1021962	87241	28808989	100650747	1595257	10257004	1265880	4	Control	4	0
1-W0-C-S-5	428910	2189698	7991270	1219007	4582564	6185333	11196808	2528311	7878399	3070092	1828511	45148	593379	1557620	0	51295050	178426547	2618608	19978174	2150999	5	Control	5	0
1-W0-R0-001-S-1	0	1778573	5062091	2325826	2759068	7615939	10443414	6019784	8300006	592858	478846	0	403925	2827474	342033	48949837	174938578	1778573	17762924	3573432	6	0.001R-Syrup	6	0
1-W0-R0-001-S-2	172785	4129565	5494567	1987029	3524817	4475135	7118748	6634949	3334753	1451395	1987029	0	809622	397406	0	41517800	151359779	4302350	15481548	1207028	7	0.001R-Syrup	7	0
1-W0-R0-001-S-3	302374	0	4047159	0	3930861	3605228	8280395	1790984	4349533	2232915	534969	186076	664558	3302854	232595	33460501	114809067	302374	11583248	4200007	8	0.001R-Syrup	8	0
1-W0-R0-001-S-4	145833	3986111	9090279	656250	5104167	3062500	5930556	2843750	7607640	0	3621528	0	458333	0	0	42506947	159541680	4131944	17913196	458333	9	0.001R-Syrup	9	0
1-W0-R0-001-S-5	14192	0	544009	390267	274370	976851	823109	645715	1154245	37844	130089	18922	51360	177394	9461	5247828	19423485	14192	2185497	238215	10	0.001R-Syrup	10	0
1-W0-R0-1-S-1	152869	0	4254843	1477730	2700679	6930044	6471438	4458668	4458668	866256	1426774	0	0	3974584	331215	37503768	135339689	152869	15363296	4305799	11	0.1R-Syrup	11	0
1-W0-R0-1-S-2	0	966801	3509620	1218434	2052797	5045906	3390425	5178345	6489486	715168	582729	0	507050	119195	410559	30186515	114056024	966801	11826757	1036804	12	0.1R-Syrup	12	0
1-W0-R0-1-S-3	0	413394	2658878	864370	779812	845580	1296555	3701760	4387619	244279	1437485	0	80531	0	84558	16794821	64339215	413394	5148640	165089	13	0.1R-Syrup	13	0
1-W0-R0-1-S-4	26245	136473	2131076	939563	640373	1254500	335933	3495805	2587735	0	587883	530145	110978	0	0	12776709	50767903	162718	4965512	110978	14	0.1R-Syrup	14	0
1-W1-C-S-1	0	3651567	7947527	0	4217852	2304197	7107862	7478877	8728611	0	1581695	0	267800	3514877	0	46800865	173791140	3651567	14469576	3782677	15	Control	1	1
1-W1-C-S-2	244469	0	2804203	1912610	1682522	4759955	6384955	2200221	4946902	402655	330752	0	147914	1495575	0	27312733	96119452	244469	11159290	1643489	16	Control	2	1
1-W1-C-S-3	424139	2027593	3920702	3279321	4624153	5431052	10096585	1975868	6020709	2131041	1231038	0	153695	2534491	237932	44088319	152359116	2451732	17255228	2926118	17	Control	3	1
1-W1-C-S-4	456755	3143546	6475167	2847999	8947016	14804221	20527087	4271998	5749734	4298866	752302	0	0	4621281	0	76895972	257931983	3600301	33074403	4621281	18	Control	4	1
1-W1-C-S-5	245592	1218135	3693700	579597	2730981	5638787	6169265	1090427	6915864	2102266	1522669	0	190860	1169017	0	33267160	117098159	1463727	12643065	1359877	19	Control	5	1
1-W1-R0-001-S-1	0	1416369	8026091	2813853	4324647	6118714	16580960	8762603	11198758	2719429	2549464	0	561152	2209536	755397	68036973	235230572	1416369	21283305	3526085	20	0.001R-Syrup	6	1
1-W1-R0-001-S-2	0	1333786	2875293	1279123	1683632	3006485	5947374	1519641	4613588	2317727	710624	0	181170	1027671	0	26496114	89997758	1333786	8844533	1208841	21	0.001R-Syrup	7	1
1-W1-R0-001-S-3	716075	3088073	6847465	6534183	8906180	10853009	14903307	1857319	5325806	6176145	738452	0	358037	2774790	0	69078841	235230572	3804148	33140837	3132827	22	0.001R-Syrup	8	1
1-W1-R0-001-S-4	434013	4912235	8265969	1617684	5977539	6865292	14125141	4261216	13197932	0	1992513	0	1116033	4636045	0	67401612	244704255	5346248	22726484	5752078	23	0.001R-Syrup	9	1
1-W1-R0-001-S-5	354647	1644271	3449745	1918316	3901114	11687221	10155792	2095640	6190197	2031158	1273504	193444	184232	2095640	0	47174921	164878473	1998918	20956396	2279872	24	0.001R-Syrup	10	1
1-W1-R0-1-S-1	619982	2132739	6026228	2603926	6894204	11482073	17260309	3843891	8778950	4116683	2256736	0	595183	2727922	99197	69438023	236783658	2752721	27006431	3422302	26	0.1R-Syrup	11	1
1-W1-R0-1-S-2	366416	3143467	2777051	3683449	4300572	13788829	9372547	0	6364075	1851367	1369240	0	242441	0	212136	47471590	168165861	3509883	24549901	454577	27	0.1R-Syrup	12	1
1-W1-R0-1-S-3	292924	832520	3376331	3838842	2805901	5241793	7431012	909605	4316770	1048359	1973381	0	167385	1541704	0	33776527	118649520	1125444	15262867	1709089	28	0.1R-Syrup	13	1
1-W1-R0-1-S-4	0	0	8433818	3084743	5381892	2215108	4167684	1378289	2822211	2198700	1148574	1329065	262531	1509555	114857	34047027	124242935	0	19115561	1886943	29	0.1R-Syrup	14	1
1-W3-C-S-1	79154	589255	2541713	0	1565484	2295457	2286662	5215349	2867123	0	2392201	0	256307	1653433	0	21742138	83164155	668409	6402654	1909740	30	Control	1	3
1-W3-C-S-2	25274	0	603419	356996	170600	799293	1409030	1089945	2739079	1939786	334882	66344	28885	255900	0	9819433	32666751	25274	1930308	284785	31	Control	2	3
1-W3-C-S-3	618132	4587187	4229322	2472526	2862925	8653843	11126369	2277327	8068244	3448524	0	0	92952	0	0	48437351	164878473	5205319	18218616	92952	32	Control	3	3
1-W3-C-S-4	0	339720	601587	0	322026	707749	1231484	969617	1914462	1457964	244174	0	0	0	0	7788783	25776230	339720	1631362	0	34	Control	4	3
1-W3-C-S-5	0	1247588	3836668	1274418	1730525	4654979	7324549	2428101	7941635	6358674	1032949	0	0	1153684	0	38983770	128568638	1247588	11496590	1153684	35	Control	5	3
1-W3-R0-001-S-1	354538	2363587	5396857	2166621	2186318	8331644	15323922	8075589	9690707	3427201	1103007	0	123807	1910566	354538	60808902	206104785	2718125	18081440	2388911	36	0.001R-Syrup	6	3
1-W3-R0-001-S-2	86800	272799	1698793	440198	1128396	1518994	4091984	836997	3409987	5468379	954796	223199	35428	526998	0	20693748	63760552	359599	4786381	562426	37	0.001R-Syrup	7	3
1-W3-R0-001-S-3	559847	1514879	6388838	3589605	7245074	10768814	18968920	5269144	8891681	10077239	1020897	0	338731	4873959	0	79507628	260954380	2074726	27992331	5212690	38	0.001R-Syrup	8	3
1-W3-R0-001-S-4	38072	177181	399755	125930	231360	287003	989869	190359	685294	131787	180109	2929	92879	158145	0	3690672	12798010	215253	1044048	251024	39	0.001R-Syrup	9	3
1-W3-R0-001-S-5	530123	3282687	2956458	2589449	4057483	8094577	12519068	1569981	6830436	6361481	1223362	163115	291277	1080636	0	51550133	169313263	3812810	17697967	1371913	40	0.001R-Syrup	10	3
1-W3-R0-1-S-1	48290	357911	1173154	281216	482896	1068053	1602079	190318	2258250	2403119	440288	42608	86029	0	0	10434211	33984537	406201	3005319	86029	41	0.1R-Syrup	11	3
1-W3-R0-1-S-2	249418	640173	3624877	681743	1263719	3865981	5021619	0	3824411	6301965	374127	99767	313554	856336	0	27117690	86764257	889591	9436320	1169890	42	0.1R-Syrup	12	3
1-W3-R0-1-S-3	182379	0	2601933	948368	984844	4048803	6784480	0	6285979	4279816	1045637	0	264015	1373918	0	28800172	93864136	182379	8583948	1637933	43	0.1R-Syrup	13	3
1-W4-C-S-1	374467	2193304	11447978	4119132	7328845	9843121	9415159	14818176	18616337	0	7703312	0	0	4761075	0	90620906	343653306	2567771	32739076	4761075	44	Control	1	4
1-W4-C-S-2	401402	0	4638425	2118511	1538708	5262828	11016259	4571525	9655952	4995227	446002	0	0	3724120	66900	48435859	161720468	401402	13558472	3791020	45	Control	2	4
1-W4-C-S-3	419082	2654186	5527891	0	3352656	7503563	12492634	4190820	6964743	5268459	1277202	0	34211	1776109	0	51461556	170426666	3073268	16384110	1810320	46	Control	3	4
1-W4-C-S-4	589367	0	11197975	0	3501534	15358214	24129384	6829725	18339718	14283486	2010782	0	0	6067015	589367	102896567	334760530	589367	30057723	6656382	47	Control	4	4
1-W4-C-S-5	291140	954940	3703304	931649	1420765	3877988	8780791	2410641	6370149	5030904	605572	81519	73201	1071396	0	35603959	115012053	1246080	9933706	1144597	48	Control	5	4
1-W4-R0-001-S-1	0	978953	2610542	941301	1568835	3112569	4041320	4970070	6990730	652635	840896	0	50203	1104460	0	27862514	102212756	978953	8233247	1154663	49	0.001R-Syrup	6	4
1-W4-R0-001-S-2	237344	0	2452555	1443843	1602073	7515896	8188371	1681187	3500825	7990584	731811	336237	0	2709678	0	38390404	121203710	237344	13014367	2709678	50	0.001R-Syrup	7	4
1-W4-R0-001-S-3	443216	2530024	4690702	1385050	2160678	6869847	11338942	3508793	10618716	2289949	849497	92337	0	3896607	166206	50840564	176104477	2973240	15106277	4062813	51	0.001R-Syrup	8	4
1-W4-R0-001-S-4	282544	2078714	3854702	797177	3562068	2724528	6559048	2048441	6377413	0	1543899	0	484360	1927351	0	32240245	117295963	2361258	10938475	2411711	52	0.001R-Syrup	9	4
1-W4-R0-001-S-5	631273	2104245	5639375	2672391	3051155	7806747	10184544	5302696	7911960	4545168	2377796	0	1214450	3535131	0	56976931	202091648	2735518	19169668	4749581	53	0.001R-Syrup	10	4
1-W4-R0-1-S-1	1239594	5012270	9270006	4365526	6036283	26408737	35786533	0	10347913	32768392	3287618	377268	307974	5497329	0	140705443	426635836	6251864	46080552	5805303	54	0.1R-Syrup	11	4
1-W4-R0-1-S-2	280149	0	3412721	1209733	1731828	7092856	7971505	1604488	6685367	5781251	2954296	216479	0	1808233	0	40748906	135490112	280149	13447138	1808233	55	0.1R-Syrup	12	4
1-W4-R0-1-S-3	444060	1928489	3996539	2245674	1446366	6229526	12281427	405998	4453286	8424450	1256055	50750	130499	1281430	0	44574549	137277936	2372549	13918105	1411929	56	0.1R-Syrup	13	4
1-W7-C-S-1	0	0	1101648	0	731891	320202	358321	1482841	2149929	221092	533670	0	0	324014	0	7223608	27735608	0	2153741	324014	57	Control	1	7
1-W7-C-S-2	66485	511932	1030512	624956	1249911	1535795	1329693	2639441	4095455	279236	292532	0	0	1130239	0	14786187	55926890	578417	4441174	1130239	58	Control	2	7
1-W7-C-S-3	390436	3383779	4598469	1561744	3904361	11366028	13361590	7982249	15227007	520581	3340398	0	0	5249196	867636	71753474	259249556	3774215	21430602	6116832	59	Control	3	7
1-W7-R0-001-S-1	226819	0	2372877	1134096	3105678	3402287	5373869	3821031	9648538	383848	2686935	0	19940	4780650	226819	37183387	137277936	226819	10014938	5027409	60	0.001R-Syrup	6	7
1-W7-R0-001-S-2	522767	2682020	3432076	1431926	2022879	6932339	9046134	7477835	13501015	681869	1772861	0	0	6227741	1681945	57413407	210197615	3204787	13819220	7909686	61	0.001R-Syrup	7	7
1-W7-R0-001-S-3	191923	1122012	3513668	1756834	1505858	3247929	6761597	3203639	8400325	915325	1919231	118106	67489	3646538	413373	36783847	131984011	1313935	10024289	4127400	62	0.001R-Syrup	8	7
1-W7-R0-001-S-4	68162	0	1729606	0	860543	1456959	1567722	834982	4941732	187445	937225	0	0	1474000	0	14058376	52723173	68162	4047108	1474000	63	0.001R-Syrup	9	7
1-W7-R0-001-S-5	170359	1631862	762134	520044	1273211	2654018	2349165	887661	3936195	197258	726268	0	0	1049054	44831	16202060	59715403	1802221	5209407	1093885	64	0.001R-Syrup	10	7
1-W7-R0-1-S-1	252371	0	3053685	0	3810797	6914956	4845516	1741357	10725752	1867543	1337564	0	0	2902262	0	37451803	136381095	252371	13779438	2902262	65	0.1R-Syrup	11	7
1-W7-R0-1-S-2	141867	2118548	1806441	784998	2298247	4246554	3272400	1324093	4180350	1267346	2950835	0	0	0	0	24391679	88487222	2260415	9136240	0	66	0.1R-Syrup	12	7
1-W7-R0-1-S-3	39210	544037	1313531	764592	1029259	1852666	1695827	426407	3523987	205852	490123	0	0	715580	63716	12664787	46855792	583247	4960048	779296	67	0.1R-Syrup	13	7
																								
																								