ASV	L_mellifer	L_mellis	L_apis	L_helsingborgensis	L_kullabergensis	L_melliventris	Bifidobacterium	Snodgrassella	Gilliamella	Frischella	Bartonella	Total_bact	Total_bact_qpcr_not_corrected	Other_bact	Firm4	Firm5	Bee	Description	Day
WRE-C-D0-1	456425	1487946	5723572	3514474	6627294	4555123	10004840	2619880	17846224	0	255598	56315303	205427842	3223927	1944371	20420463	1	Control	0
WRE-C-D0-2	147640	1046905	2563576	1335475	5972729	1033483	7610196	9824803	9549655	6885415	2362248	50063546	180309299	1731421	1194545	10905263	2	Control	0
WRE-C-D0-3	218432	3567723	561682	1607036	3063249	6708984	8747683	3567723	10115484	1086959	93614	41432248	149241092	2093679	3786155	11940951	3	Control	0
WRE-C-D0-4	204800	0	9966939	1795414	3215362	6348803	8041818	7482031	10042032	5659310	7208964	68471504	243384454	8506031	204800	21326518	4	Control	0
WRE-C-D0-5	433158	1148212	3829665	1546992	10347659	9220073	5555421	2482063	18708292	116884	17312561	75092473	254751792	4391493	1581370	24944389	5	Control	0
WRE-C-D0-6	252879	714012	520634	2191621	2870925	6550072	9678835	352048	15569437	679303	6674032	52074028	175666881	6020230	966891	12133252	6	Control	0
WRE-C-D0-7	192465	3971771	1137291	2760993	5263034	4818616	12751660	503908	8786888	0	4584159	46281108	151200259	1510323	4164236	13979934	7	Control	0
WRE-C-D0-8	190743	4606078	2182942	3800721	4697917	3843108	9537125	374420	25397011	56516	720583	59139258	216429160	3732094	4796821	14524688	8	Control	0
WRE-C-D0-9	131534	161599	1495727	2623160	2018104	2664499	3991111	751622	12736230	75162	1074819	32205380	118786300	4481813	293133	8801490	9	Control	0
WRE-C-D0-10	443305	0	1084931	349978	2049314	6809011	7715064	1139372	8154481	0	6571804	37119859	120345671	2802599	443305	10293234	10	Control	0
WRE-C-D0-11	414811	10888791	4505309	4609012	11372737	14368595	24473853	10128304	29221135	6129986	483946	118243542	423660371	1647063	11303602	34855653	11	Control	0
WRE-C-D0-12	214152	669226	6132787	120461	3967172	3929695	3570990	511289	3407699	4722059	5450177	33433385	115727913	737678	883378	14150115	12	Control	0
WRE-C-D0-13	313643	515810	3829841	855904	1326368	3690024	3839288	606502	5052291	502584	8150929	29626001	94546247	942817	829453	9702137	13	Control	0
WRE-C-D0-14	154785	727906	1430712	1083492	1029109	3769215	6434021	5371445	5542963	2183718	4944742	34274458	114975700	1602350	882691	7312528	14	Control	0
WRE-C-D0-15	211486	225585	1600247	1103254	1170225	2023220	6429187	2012646	1522702	5396428	13542179	37018680	108422029	1781521	437071	5896946	15	Control	0
WRE-R-D0-1	268905	905094	1983993	550927	3167831	4715673	7791683	3443294	6647197	3840093	5706030	43025060	146349836	4004340	1173999	10418424	16	Roundup	0
WRE-R-D0-2	196174	2930349	596696	420957	1405914	6498264	3825393	392348	7360613	85826	16895487	40936146	122723194	328125	3126523	8921831	17	Roundup	0
WRE-R-D0-3	10627	0	7128376	26569	2848162	61108	3990615	2380553	7144317	18598	5632559	30205926	101577365	964442	10627	10064215	18	Roundup	0
WRE-R-D0-4	153588	1333938	1277054	699678	1478993	3236720	5495028	881707	5224828	1288431	2423273	24809704	84075069	1316466	1487526	6692445	19	Roundup	0
WRE-R-D0-5	537504	5245524	5381519	4079852	4533169	17634028	16798629	349702	7272498	3859670	414461	69836706	249816472	3730150	5783028	31628568	20	Roundup	0
WRE-R-D0-6	254693	1937878	996623	1672112	6057253	3820388	6167989	531532	7950836	0	6887772	37573477	124334247	1296401	2192571	12546376	21	Roundup	0
WRE-R-D0-7	110239	1845148	802395	1062632	737336	2083698	4358959	1275881	3963183	30722	162648	16735933	57974882	303092	1955387	4686061	22	Roundup	0
WRE-R-D0-8	201327	1862271	6302642	3707766	12370404	1504357	4071272	6078946	9714010	7600081	7493825	65062059	237118042	4155158	2063598	23885169	23	Roundup	0
WRE-R-D0-9	168816	568837	1860649	66059	3757997	1442278	1563386	95418	6723292	29359	1658803	19957859	74763594	2022965	737653	7126983	24	Roundup	0
WRE-R-D0-10	123909	1092942	317716	1350291	1391594	2811783	5019906	6942086	6996098	0	400322	27430929	98962055	984282	1216851	5871384	25	Roundup	0
WRE-R-D0-11	708341	7232532	2945206	795330	7642624	7679905	13371485	236114	14378074	3206174	1342119	61464094	216429160	1926190	7940873	19063065	26	Roundup	0
WRE-R-D0-12	385829	0	1181855	2209379	4634010	2822644	7123623	962542	6404763	418320	925990	31106061	108422029	4037106	385829	10847888	27	Roundup	0
WRE-R-D0-13	196969	343494	1143380	405948	605319	5226879	3627108	1739090	4381355	1203431	6057992	26292246	88001818	1361281	540463	7381526	28	Roundup	0
WRE-R-D0-14	219617	2424571	4682234	2652973	3162484	8600201	12421536	421665	9425961	14705553	24913350	86658349	275487536	3028204	2644188	19097892	29	Roundup	0
WRE-R-D0-15	346981	3915926	501194	3139350	5452555	2990644	15773855	159721	14892634	33046	1905640	51037958	170031582	1926412	4262907	12083743	30	Roundup	0
WRE-C-D3-1	119875	1977940	2746231	948104	2021531	5541502	5361689	3476380	12842989	2152304	1961594	39668871	144177128	518732	2097815	11257368	31	Control	3
WRE-C-D3-2	390661	520882	1880962	3277215	2170341	8507738	5295633	8420924	10504452	94048	26347943	73071256	229072288	5660457	911543	15836256	32	Control	3
WRE-C-D3-3	34068	175885	236891	177470	629860	453974	454766	613222	1975144	7130	58628	5099352	19347383	282314	209953	1498195	33	Control	3
WRE-C-D3-4	249780	3880507	3086564	191795	2881388	5281058	7341741	5602204	10490751	1931333	312225	42254837	154899144	1005491	4130287	11440805	34	Control	3
WRE-C-D3-5	193288	1202249	3819364	680373	1809172	5211035	5999649	243542	11976103	34792	2574592	40321462	144177128	6577303	1395537	11519944	35	Control	3
WRE-C-D3-6	412478	3299820	3171344	2238198	3854298	6876879	5463637	4652206	20164065	0	635621	54981227	207726388	4212681	3712298	16140719	36	Control	3
WRE-C-D3-7	605408	904375	4753572	1136074	2780391	9514619	10762805	3595076	21824578	0	38447133	95709956	285931864	1385925	1509783	18184656	37	Control	3
WRE-C-D3-8	193467	1878167	356116	2126421	1362827	3720381	1736064	1578551	4448021	20545	164361	18886602	71757296	1301681	2071634	7565745	38	Control	3
WRE-C-D3-9	23266	2735464	1934435	608250	4048354	1977644	1356099	5809952	4766288	3509903	73123	27873147	108634143	1030369	2758730	8568683	39	Control	3
WRE-C-D3-10	866058	1953442	6023913	5456164	8063961	4031980	17706071	1087384	26886284	2001556	3079317	86512304	304775369	9356174	2819500	23576018	40	Control	3
WRE-C-D3-11	495781	2833036	1172562	3486208	3840338	7743632	7586241	18438343	8215805	6484505	157391	62649445	235110520	2195603	3328817	16242740	41	Control	3
WRE-C-D3-12	149032	0	661612	2574191	1801934	3086772	4845802	6864510	6561930	993548	3233546	34167648	120517319	3394771	149032	8124509	42	Control	3
WRE-C-D3-13	151975	578604	2975415	93382	2843581	2222864	4160087	320429	3744445	5209264	3142038	26445485	91177687	1003401	730579	8135242	43	Control	3
WRE-C-D3-14	85770	300196	3845373	400262	2176424	2419440	1300851	3470128	9820712	0	71475	26638858	103810785	2748227	385966	8841499	44	Control	3
WRE-C-D3-15	186484	2711789	2937124	2074635	3916166	8057666	9603930	2595237	7886723	6317148	22440251	74018639	232079442	5291486	2898273	16985591	45	Control	3
WRE-R-D3-1	278164	3157981	3894298	9523030	5874172	10112084	19242412	1374458	11764706	8263110	15806267	91775459	297341077	2484777	3436145	29403584	46	Roundup	3
WRE-R-D3-2	373162	0	441528	1167912	3931020	1902842	7844949	168065	4967898	22789	4346911	28197950	88408079	3030874	373162	7443302	47	Roundup	3
WRE-R-D3-3	121855	217219	1328039	337308	921857	1050776	1176162	98897	2534224	1474618	261369	10437117	38873400	914793	339074	3637980	48	Roundup	3
WRE-R-D3-4	72781	0	1974676	1007449	884870	1248777	3596937	34475	2976379	1438392	5075551	18992135	58623567	681848	72781	5115772	49	Roundup	3
WRE-R-D3-5	233354	287205	4744873	610312	2118140	2483130	4439717	520560	15892034	2782303	1459961	39002098	144177128	3430509	520559	9956455	50	Roundup	3
WRE-R-D3-6	0	44832	678384	35984	383139	711713	171661	2655	1212832	0	107362	3785517	14616510	436955	44832	1809220	51	Roundup	3
WRE-R-D3-7	335861	450359	1961735	1190781	5465379	2568575	7785874	3438761	7633210	0	198463	33631922	118559021	2602924	786220	11186470	52	Roundup	3
WRE-R-D3-8	384099	812179	5066588	630391	3442230	1756300	8063146	369439	11783921	0	5178006	39735184	132458431	2248885	1196278	10895509	53	Roundup	3
WRE-R-D3-9	147812	1198621	569748	4267735	1897368	3208864	4944983	190812	4547234	389686	188124	22704688	80603215	1153701	1346433	9943715	54	Roundup	3
WRE-R-D3-10	259051	353625	3708949	6060965	1895594	5378387	8240281	361849	8963978	1583088	82238	40291028	144525649	3403023	612676	17043895	55	Roundup	3
WRE-R-D3-11	187895	1169961	3099018	217958	3464787	2753291	3938283	1300235	4025967	3978367	55116	29575703	112216009	5384825	1357856	9535054	56	Roundup	3
WRE-R-D3-12	70165	1299810	1859377	154363	1987428	1134922	1550650	1092822	3343370	19295	1736588	14945180	53213261	696390	1369975	5136090	57	Roundup	3
WRE-R-D3-13	143335	2562837	2241765	1777359	3973257	4059258	722410	114668	15342620	57334	114668	32152993	126937817	1043482	2706172	12051639	58	Roundup	3
WRE-R-D3-14	132312	0	3005856	485144	4013462	1563995	2619098	688701	6293299	539426	698878	23307258	86565933	3267087	132312	9068457	59	Roundup	3
WRE-R-D3-15	0	51475	1530386	293010	2272811	443475	589980	433576	5571158	11879	459314	13318644	52187536	1661580	51475	4539682	60	Roundup	3
WRE-C-D5-1	82788	434636	5225981	438086	1314257	1348751	2800988	4984516	12521657	0	282858	30369035	115640776	934517	517424	8327075	61	Control	5
WRE-C-D5-2	489881	3597563	12859375	2495331	7271670	21263895	17850037	19166592	10455897	18569550	2051377	120488845	442546209	4417677	4087444	43890271	62	Control	5
WRE-C-D5-3	117623	0	7502684	193238	7435471	3545501	1159429	3436280	24264000	50410	201640	51090506	201639886	3184230	117623	18676894	63	Control	5
WRE-C-D5-4	291323	0	10530475	2176355	7231669	2716160	6443383	13195226	23117350	591215	359870	69754761	265412537	3101735	291323	22654659	64	Control	5
WRE-C-D5-5	354011	4387590	5267254	2317163	5621265	7026581	5771451	7412775	31067142	0	171642	70655579	270550181	1258705	4741601	20232263	65	Control	5
WRE-C-D5-6	189667	3268961	5706736	892549	3687343	7497412	6604863	5182363	21437914	0	89255	55393828	208187077	836765	3458628	17784040	66	Control	5
WRE-C-D5-7	336428	3252133	7900951	4709986	6259592	15699954	8767507	14028011	23335841	91753	4608039	93996122	349354566	5005927	3588561	34570483	67	Control	5
WRE-C-D5-8	104280	757403	7211791	2338069	2996680	2848493	2853981	6289735	22140308	0	1525782	50087369	191589950	1020847	861683	15395033	68	Control	5
WRE-C-D5-9	330685	832047	2897941	1443637	2361022	3534422	4288242	2734377	9070734	0	6770160	36204710	122702038	1941443	1162732	10237022	69	Control	5
WRE-C-D5-10	336636	2825971	7494582	3800444	3543538	5120412	9514398	4650893	10612895	0	41335365	90174172	258997157	939038	3162607	19958976	70	Control	5
WRE-C-D5-11	359683	815281	5697376	556309	5471974	2158097	6790811	5711763	18828196	0	134282	48312594	179400193	1788822	1174964	13883756	71	Control	5
WRE-C-D5-12	125883	183102	6322744	2162893	2122840	9378260	6706114	8754568	25537019	40054	5561726	69283160	252520664	2387957	308985	19986737	72	Control	5
WRE-C-D5-13	0	0	13965234	4187538	4624586	5397045	2093769	9594746	11068515	12095072	325246	63941258	250927005	589507	0	28174403	73	Control	5
WRE-C-D5-14	125453	1442715	4704504	3065246	6101219	6452489	4909412	10245365	20390367	33454	1522168	61122314	231101976	2129922	1568168	20323458	74	Control	5
WRE-C-D5-15	155214	3787217	8319460	1319317	7512348	4532243	3414704	6092142	13728661	4501200	248342	55369421	214195051	1758573	3942431	21683368	75	Control	5
WRE-R-D5-1	116617	1596447	4214299	1580362	1701001	4013235	1198341	2517320	4849661	6655215	788170	29536285	114172121	305617	1713064	11508897	76	Roundup	5
WRE-R-D5-2	82458	326988	2069978	3332437	4202510	4714317	1393254	716531	6337885	5297209	295711	30884750	120161070	2115472	409446	14319242	77	Roundup	5
WRE-R-D5-3	152818	3749369	3902186	323405	4190053	1744967	2047049	6542737	10679481	24877	0	33666132	130570429	309190	3902187	10160611	78	Roundup	5
WRE-R-D5-4	123078	958984	3923116	687186	4815433	3861577	3025671	364106	9841124	138463	2759002	37278320	142791166	6780580	1082062	13287312	79	Roundup	5
WRE-R-D5-5	210962	3789773	1182891	4648688	11316579	8310377	3812376	504801	5545275	6592548	1717830	51278721	194054471	3646621	4000735	25458535	80	Roundup	5
WRE-R-D5-6	57244	0	8172301	280770	468858	3480997	4890296	109037	10748293	2295223	4121587	34932635	121706764	308029	57244	12402926	81	Roundup	5
WRE-R-D5-7	106692	426768	29992316	1991585	5204200	16205335	6709743	106692	41064579	71128	450477	104747868	404671032	2418353	533460	53393436	82	Roundup	5
WRE-R-D5-8	43766	206893	3644506	290446	3330188	9083415	2562295	19894	15154940	0	437659	35418555	135674310	644553	250659	16348555	83	Roundup	5
WRE-R-D5-9	151729	1562245	5709501	387752	2450140	5096966	1876942	1522908	13593783	168588	2202878	39370082	151211874	4646650	1713974	13644359	84	Roundup	5
WRE-R-D5-10	127352	0	1714599	1540654	2062489	6025946	6119130	437968	9858944	3711858	5864426	42437744	147430664	4974378	127352	11343688	85	Roundup	5
WRE-R-D5-11	62258	707071	4647103	551427	3250749	3913350	1174005	173433	10770607	2877202	115622	29256741	114447700	1013914	769329	12362629	86	Roundup	5
WRE-R-D5-12	101407	952499	7044144	1854294	2958903	2194731	4614005	807632	14935758	988715	1629751	40416366	151211874	2334527	1053906	14052072	87	Roundup	5
WRE-R-D5-13	63892	269258	3796998	554489	1268708	1695414	2195139	960659	5907708	545362	734756	19037470	70290093	1045087	333150	7315609	88	Roundup	5
WRE-R-D5-14	9384	166361	1985236	539179	1828260	168067	477753	99816	4822750	0	1820582	12148586	43997675	231198	175745	4520742	89	Roundup	5
WRE-R-D5-15	25546	919643	2695065	349124	3386926	1664724	263972	153274	8336394	0	34061	18874398	75359642	1045669	945189	8095839	90	Roundup	5