ASV	L_mellifer	L_mellis	L_apis	L_helsingborgensis	L_kullabergensis	L_melliventris	Bifidobacterium	Snodgrassella	Gilliamella	Frischella	Bartonella	Other_bact	Total_reads	Firm4	Firm5	Bee	Description	Day
WRE-C-D0-1	9	29	111	68	129	89	97	51	347	0	2	66	998	38	397	1	Control	0
WRE-C-D0-2	3	23	57	30	132	23	84	218	212	153	26	38	999	26	242	2	Control	0
WRE-C-D0-3	6	96	15	43	82	180	117	96	271	29	1	64	1000	102	320	3	Control	0
WRE-C-D0-4	3	0	164	30	53	104	66	123	165	93	59	140	1000	3	351	4	Control	0
WRE-C-D0-5	7	18	60	24	162	145	44	39	294	2	136	69	1000	25	391	5	Control	0
WRE-C-D0-6	6	16	12	50	65	149	110	8	355	15	76	138	1000	22	276	6	Control	0
WRE-C-D0-7	5	105	30	73	139	127	169	13	232	0	61	45	999	110	369	7	Control	0
WRE-C-D0-8	4	85	40	70	87	71	88	7	469	1	7	71	1000	89	268	8	Control	0
WRE-C-D0-9	4	5	50	88	68	90	67	25	429	3	18	152	999	9	296	9	Control	0
WRE-C-D0-10	15	0	36	12	68	226	128	38	271	0	109	97	1000	15	342	10	Control	0
WRE-C-D0-11	4	103	43	44	107	136	116	96	276	58	2	17	1002	107	330	11	Control	0
WRE-C-D0-12	7	23	212	4	137	136	62	18	118	163	94	26	1000	30	489	12	Control	0
WRE-C-D0-13	13	22	162	36	56	156	81	26	214	21	172	40	999	35	410	13	Control	0
WRE-C-D0-14	5	25	50	38	36	131	112	187	193	76	86	61	1000	30	255	14	Control	0
WRE-C-D0-15	8	8	59	41	43	75	119	74	56	199	250	68	1000	16	218	15	Control	0
WRE-R-D0-1	7	25	54	15	87	129	106	94	182	105	78	118	1000	32	285	16	Roundup	0
WRE-R-D0-2	6	96	19	14	46	212	62	13	240	3	275	14	1000	102	291	17	Roundup	0
WRE-R-D0-3	0	0	281	1	112	2	79	94	281	1	111	38	1000	0	396	18	Roundup	0
WRE-R-D0-4	7	63	61	33	70	154	131	42	249	61	58	71	1000	70	318	19	Roundup	0
WRE-R-D0-5	9	84	86	65	73	282	134	6	116	62	3	79	999	93	506	20	Roundup	0
WRE-R-D0-6	8	62	32	54	195	123	99	17	256	0	111	43	1000	70	404	21	Roundup	0
WRE-R-D0-7	8	127	55	73	51	144	150	88	273	2	6	22	999	135	323	22	Roundup	0
WRE-R-D0-8	3	31	106	63	209	25	34	103	164	128	63	70	999	34	403	23	Roundup	0
WRE-R-D0-9	9	30	100	4	201	77	42	5	360	2	44	127	1001	39	382	24	Roundup	0
WRE-R-D0-10	5	44	13	55	56	114	101	281	283	0	8	41	1001	49	238	25	Roundup	0
WRE-R-D0-11	13	134	54	15	141	142	124	4	266	59	12	36	1000	147	352	26	Roundup	0
WRE-R-D0-12	14	0	44	82	171	104	131	36	236	15	17	150	1000	14	401	27	Roundup	0
WRE-R-D0-13	9	16	52	18	28	238	82	79	199	55	138	87	1001	25	336	28	Roundup	0
WRE-R-D0-14	3	35	68	39	46	125	90	6	137	214	181	57	1001	38	278	29	Roundup	0
WRE-R-D0-15	8	92	12	74	128	70	186	4	350	1	22	53	1000	100	284	30	Roundup	0
WRE-C-D3-1	3	55	76	26	56	154	74	96	356	60	27	15	998	58	312	31	Control	3
WRE-C-D3-2	7	9	33	57	38	149	46	147	183	2	230	99	1000	16	277	32	Control	3
WRE-C-D3-3	7	36	49	37	130	94	47	127	408	1	6	57	999	43	310	33	Control	3
WRE-C-D3-4	6	100	80	5	74	136	95	145	271	50	4	34	1000	106	295	34	Control	3
WRE-C-D3-5	5	33	106	19	50	145	83	7	332	1	36	183	1000	38	320	35	Control	3
WRE-C-D3-6	8	64	61	43	74	132	53	90	388	0	6	81	1000	72	310	36	Control	3
WRE-C-D3-7	8	13	66	16	39	133	75	50	305	0	269	25	999	21	254	37	Control	3
WRE-C-D3-8	11	105	20	119	76	207	48	88	248	1	5	73	1001	116	422	38	Control	3
WRE-C-D3-9	1	101	71	22	149	73	25	214	175	129	1	38	999	102	315	39	Control	3
WRE-C-D3-10	11	26	79	72	106	53	116	14	353	26	20	124	1000	37	310	40	Control	3
WRE-C-D3-11	8	48	20	59	65	132	65	314	140	110	1	37	999	56	276	41	Control	3
WRE-C-D3-12	5	0	22	85	60	102	80	228	218	33	54	113	1000	5	269	42	Control	3
WRE-C-D3-13	7	25	131	4	125	98	91	14	164	229	69	44	1001	32	358	43	Control	3
WRE-C-D3-14	3	12	148	15	84	93	25	134	378	0	1	106	999	15	340	44	Control	3
WRE-C-D3-15	3	47	51	36	67	139	83	45	136	109	193	92	1001	50	293	45	Control	3
WRE-R-D3-1	4	42	52	128	79	136	129	18	158	111	106	35	998	46	395	46	Roundup	3
WRE-R-D3-2	17	0	20	53	178	86	177	8	225	1	98	137	1000	17	337	47	Roundup	3
WRE-R-D3-3	13	22	137	35	95	108	61	10	261	152	13	94	1001	35	375	48	Roundup	3
WRE-R-D3-4	5	0	135	69	60	85	123	2	203	98	173	47	1000	5	349	49	Roundup	3
WRE-R-D3-5	6	8	132	17	59	69	62	14	441	77	20	95	1000	14	277	50	Roundup	3
WRE-R-D3-6	0	12	186	10	105	195	23	1	332	0	15	122	1001	12	496	51	Roundup	3
WRE-R-D3-7	11	15	66	40	184	87	131	116	258	0	3	88	999	26	377	52	Roundup	3
WRE-R-D3-8	12	25	153	19	104	53	122	11	356	0	78	68	1001	37	329	53	Roundup	3
WRE-R-D3-9	7	59	28	212	94	159	123	9	226	19	5	58	999	66	493	54	Roundup	3
WRE-R-D3-10	7	10	103	168	52	149	114	10	248	44	1	94	1000	17	472	55	Roundup	3
WRE-R-D3-11	7	42	110	8	124	98	70	46	144	142	1	209	1001	49	340	56	Roundup	3
WRE-R-D3-12	5	98	140	12	149	85	58	82	251	1	65	52	998	103	386	57	Roundup	3
WRE-R-D3-13	5	81	71	56	125	128	11	4	483	2	2	33	1001	86	380	58	Roundup	3
WRE-R-D3-14	6	0	139	22	185	72	61	32	291	25	16	151	1000	6	418	59	Roundup	3
WRE-R-D3-15	0	4	117	22	174	34	23	33	427	1	18	147	1000	4	347	60	Roundup	3
WRE-C-D5-1	3	15	181	15	45	47	48	172	433	0	5	35	999	18	288	61	Control	5
WRE-C-D5-2	4	33	116	23	66	192	81	173	95	168	9	41	1001	37	397	62	Control	5
WRE-C-D5-3	2	0	149	4	148	70	12	68	481	1	2	63	1000	2	371	63	Control	5
WRE-C-D5-4	4	0	159	33	109	41	49	199	348	9	3	47	1001	4	342	64	Control	5
WRE-C-D5-5	5	65	78	34	83	104	43	110	459	0	1	18	1000	70	299	65	Control	5
WRE-C-D5-6	4	63	110	17	71	144	63	100	412	0	1	16	1001	67	342	66	Control	5
WRE-C-D5-7	4	37	90	54	72	180	50	161	267	1	26	58	1000	41	396	67	Control	5
WRE-C-D5-8	2	16	151	49	63	59	30	131	462	0	16	21	1000	18	322	68	Control	5
WRE-C-D5-9	11	27	94	47	77	115	70	89	296	0	110	63	999	38	333	69	Control	5
WRE-C-D5-10	5	44	116	59	55	79	73	72	164	0	319	15	1001	49	309	70	Control	5
WRE-C-D5-11	8	18	127	12	122	48	76	127	420	0	1	40	999	26	309	71	Control	5
WRE-C-D5-12	2	3	100	34	34	149	53	139	405	1	44	38	1002	5	317	72	Control	5
WRE-C-D5-13	0	0	223	67	74	86	17	153	176	193	3	9	1001	0	450	73	Control	5
WRE-C-D5-14	2	25	81	53	106	112	42	177	353	1	13	35	1000	27	352	74	Control	5
WRE-C-D5-15	3	71	155	25	140	85	32	114	256	84	2	33	1000	74	405	75	Control	5
WRE-R-D5-1	4	56	148	55	60	141	21	88	170	233	14	11	1001	60	404	76	Roundup	5
WRE-R-D5-2	3	11	69	111	140	157	23	24	211	176	5	70	1000	14	477	77	Roundup	5
WRE-R-D5-3	5	115	120	10	128	53	31	200	327	1	0	9	999	120	311	78	Roundup	5
WRE-R-D5-4	3	27	110	19	135	108	42	10	276	4	39	227	1000	30	372	79	Roundup	5
WRE-R-D5-5	4	78	24	96	233	171	39	10	114	136	18	75	998	82	524	80	Roundup	5
WRE-R-D5-6	2	0	269	9	15	114	80	4	353	75	68	10	999	2	407	81	Roundup	5
WRE-R-D5-7	1	4	296	20	51	160	33	1	406	1	2	24	999	5	527	82	Roundup	5
WRE-R-D5-8	1	6	107	9	98	268	38	1	447	0	6	19	1000	7	482	83	Roundup	5
WRE-R-D5-9	4	41	151	10	65	135	25	40	360	4	29	135	999	45	361	84	Roundup	5
WRE-R-D5-10	3	0	47	42	56	163	83	12	267	101	80	146	1000	3	308	85	Roundup	5
WRE-R-D5-11	2	25	162	19	114	137	21	6	376	101	2	35	1000	27	432	86	Roundup	5
WRE-R-D5-12	3	25	186	49	78	58	61	21	395	26	22	75	999	28	371	87	Roundup	5
WRE-R-D5-13	4	15	216	32	72	96	62	55	336	31	21	59	999	19	416	88	Roundup	5
WRE-R-D5-14	1	15	180	49	166	15	22	9	438	0	83	21	999	16	410	89	Roundup	5
WRE-R-D5-15	1	49	143	19	180	88	7	8	442	0	1	62	1000	50	430	90	Roundup	5