ASV	L_mellifer	L_mellis	L_apis	L_helsingborgensis	L_kullabergensis	L_melliventris	Bifidobacterium	Snodgrassella	Gilliamella	Frischella	Bartonella	Commensalibacter	Bombella	Enterobacteriaceae	L_kunkeei	Fructobacillus	Reads	Firm4	Firm5	Other_bact	Bee	Description	Day
NEW-CTL-1	0.539779395	0.68059141	9.680826097	4.576390519	4.236094813	11.34710162	5.163107252	30.84956583	7.49823985	1.114761793	14.77352734	2.945318	0.140812016	0.199483689	6.254400375	0	100	1.220370805	29.84041305	6.594696081	1	C	0
NEW-CTL-2	0.211714891	0	4.415767719	9.355781833	11.3519508	7.672144369	5.786873677	9.093658635	16.72547636	0.07057163	0.403266458	0	8.559330578	0	26.35346305	0	100	0.211714891	32.79564472	34.91279363	2	C	0
NEW-CTL-3	0.028595939	0	9.255552378	5.356972643	8.397674197	12.04842246	4.889905633	27.70946526	22.05700124	3.412448766	1.086645696	0.085787818	0.266895434	0	5.271184825	0.133447717	100	0.028595939	35.05862168	5.538080259	3	C	0
NEW-CTL-4	0.802644004	1.558073654	5.557803858	5.834345069	5.827600162	12.78159989	7.14960205	22.10306219	14.50829624	0.067449076	14.40037771	2.6642385	0.290031027	0	6.454876568	0	100	2.360717658	30.00134898	6.744907595	4	C	0
NEW-CTL-5	1.139325341	2.546727232	10.3209472	14.31975575	6.009382679	6.850845186	6.843398615	19.37597736	22.70459453	0.141484846	6.024275821	0	0.104251992	0.081912279	3.537121156	0	100	3.686052573	37.50093082	3.723285427	5	C	0
NEW-CTL-6	0.689468704	0.95308909	3.420305529	33.16209274	3.122887657	4.265242666	5.035825335	25.98350683	15.37109639	0.094632959	4.413951602	0.635392727	0	0.155468433	2.69703934	0	100	1.642557794	43.97052859	2.852507773	6	C	0
NEW-CTL-7	0.611959006	1.909607019	13.69166114	4.622871046	8.832854088	3.98879304	4.925164049	20.1872742	10.90466711	4.947283049	0.862641009	1.467227015	7.903856079	0	15.14414215	0	100	2.521566025	31.13617931	23.04799823	7	C	0
NEW-CTL-8	0.466954023	0.905172414	5.308908046	3.376436782	19.29597701	2.708333333	4.216954023	15.48850575	21.1637931	0.445402299	4.942528736	1.185344828	10.8045977	0	9.691091954	0	100	1.372126437	30.68965517	20.49568966	8	C	0
NEW-GLY-1	1.594863297	2.029826015	6.669428335	3.831814416	6.317315659	18.93123447	11.45401823	0.248550124	1.988400994	2.837613919	9.714167357	0.186412593	0.144987572	29.03893952	4.971002486	0.041425021	100	3.624689312	35.74979287	34.15492958	9	G	0
NEW-GLY-2	1.214941192	2.248933695	2.99857826	41.63112317	5.157037611	5.428460644	7.974667184	0.34897247	24.69949593	2.494506915	0.917668347	1.667312912	0	0	3.218301667	0	100	3.463874887	55.21519969	3.218301667	10	G	0
NEW-GLY-3	0.293255132	1.311022943	6.555114715	23.54666207	4.467828187	4.416077281	5.071588753	0.63826117	14.74900811	2.639296188	3.260307055	0	13.62773849	0.103501811	19.06158358	0.258754528	100	1.604278075	38.98568225	32.79282387	11	G	0
NEW-GLY-4	0.316725545	1.912535023	14.64246559	19.3080765	15.87282251	0.182726276	12.60811305	0.194908028	21.92715312	0.475088318	0.621269339	0	0	0	11.9137532	0.024363503	100	2.229260568	50.00609088	11.9137532	12	G	0
NEW-GLY-5	0.508646999	5.662936589	3.407934893	2.797558494	22.27873856	5.01865039	2.051542896	0.983384198	39.25059342	0	10.22380468	0.1525941	0.0678196	0	7.595795185	0	100	6.171583588	33.50288233	7.663614785	13	G	0
NEW-GLY-6	0.384862091	2.651272183	17.3187941	9.279452641	11.07547573	17.40431901	7.911054095	0.342099637	0.662818046	4.768013684	14.4964721	1.069061364	0.106906136	0	12.52939919	0	100	3.036134274	55.07804148	12.63630532	14	G	0
NEW-GLY-7	0.686250903	2.78112208	7.043101373	28.25668192	7.019022393	16.18107392	4.117505418	0.830724777	10.58271129	11.91909463	3.346978088	0.987238141	0	0	6.116060679	0.132434385	100	3.467372983	58.49987961	6.116060679	15	G	0
NEW-GLY-8	0.354324368	2.270897085	16.23449831	12.2886133	7.247543888	12.51409245	8.326622645	0.322113062	17.60347882	1.030761797	4.847801578	0.322113062	1.916572717	0.193267837	14.47898212	0.048316959	100	2.625221453	48.28474795	16.58882268	16	G	0
NEW-ROU-1	0.503888706	0.876328185	12.90393252	21.38240771	9.409573885	5.027932961	4.611677073	2.826158396	6.200021908	12.42195202	4.053017855	1.402125096	7.383064958	0.153357432	10.81169898	0.032862307	100	1.380216891	48.72384708	18.34812137	17	R	0
NEW-ROU-2	0.247137326	0.518988385	14.39986819	16.12159156	5.469972815	13.09827828	6.820990197	0.436609276	0.486036741	16.69000741	1.828816212	0.560177939	6.689183623	0.897932284	15.71793393	0.016475822	100	0.766125711	49.08971085	23.30504984	18	R	0
NEW-ROU-3	0.200591216	1.636402027	14.12584459	17.24028716	10.85304054	8.667652027	2.903293919	0.105574324	18.95059122	0.263935811	5.796030405	0	7.157939189	0.095016892	12.00380068	0	100	1.836993243	50.88682432	19.25675676	19	R	0
NEW-ROU-4	1.352522976	4.595110109	11.51378533	5.045951101	13.23044911	13.00502861	8.271198197	1.300502861	16.12623548	2.566325646	5.947633085	11.46176522	0.225420496	0.156060343	5.202011444	0	100	5.947633085	42.79521415	5.583492284	20	R	0
NEW-ROU-5	0.688745604	0	21.0873388	20.14947245	8.499413834	3.751465416	5.319460727	0.190504103	4.088511137	2.535169988	1.978311841	30.12895662	0.190504103	0.087924971	1.304220399	0	100	0.688745604	53.4876905	1.582649472	21	R	0
NEW-ROU-6	0.476553565	2.306519253	7.405642394	12.06633626	12.97178803	6.376286695	3.307281738	3.678993519	3.678993519	14.2775448	0.819672131	7.844071674	13.49599695	0.047655356	11.24666413	0	100	2.783072817	38.82005337	24.79031643	22	R	0
NEW-ROU-7	0.118254139	0	34.22919802	5.181681359	1.892066222	9.557084498	5.966458826	1.677058697	18.55514943	10.54611911	1.655557945	0	0.236508278	0	10.38486347	0	100	0.118254139	50.8600301	10.62137175	23	R	0
NEW-ROU-8	0.361696356	0.958495343	16.95451668	29.73144046	3.436115381	4.629713356	5.072791392	0.714350303	10.51632155	2.278687042	4.693010218	3.680260421	0.32552672	0.090424089	16.51143865	0.045212044	100	1.320191699	54.75178588	16.92738946	24	R	0